1714 317.46 255.294163002686 317.0 1 
17437 319.111407960828 512.995560089139 318.111407960828 209 
1714 317.460000068159 0.136516141931478 317.0 2 
18318 318.935372817853 435.234914965554 317.935372817853 209 
1713 317.460148662209 297.483379197422 317.0 2 
7153 319.06 435.234914965554 318.8 209 
7438 318.98 435.234914965554 318.5 209 
11965 317.466024960014 37.5529914913976 317.0 3 
11964 317.466292506693 364.977955075413 317.0 3 
11810 317.466625982412 136.744949597016 317.0 3 
11809 317.467050347185 501.722904664926 317.0 3 
11808 317.467426875737 64.7741088483714 317.0 3 
1380 317.47 57.5178407850195 317.0 4 
1379 317.47 373.870462575253 317.0 4 
14326 312.204248993665 370.878100087223 312.016378153637 5 
14325 312.226430573335 206.472295210431 312.041874222222 5 
14638 317.45 236.340706487546 317.0 6 
14637 317.45 466.328517400173 317.0 6 
3865 317.450308179292 369.85292224407 317.0 7 
3864 317.45108773228 565.706207709297 317.0 7 
3548 317.451564924467 6.98290236391788 317.0 7 
3547 317.451808094949 284.851479696849 317.0 7 
2963 317.456130196694 208.441597767788 317.0 8 
2705 317.456276058149 25.0788833239629 317.0 8 
1714 317.46 418.311029421968 317.0 9 
1537 317.46008068243 72.0445758975246 317.0 10 
14723 305.20849966097 505.603866266175 305.033529012906 11 
14722 305.245569192785 152.035486925383 305.077140226806 11 
22366 306.05445692099 560.77860901556 306.0 12 
11566 306.766960578966 107.089109731923 306.225365421741 13 
11565 307.951926884164 506.056578785699 307.515709855714 13 
11564 309.371047316473 228.249173825057 309.061031560586 13 
1264 309.820476743894 4.30234642291088 309.550428396254 13 
1263 312.07016975212 200.074854449464 312.0 14 
1262 312.07044034907 118.858691212268 312.0 14 
11987 312.081730058951 433.862281450795 312.0 15 
11986 312.085481090254 506.817224038313 312.0 15 
11985 312.088064546268 141.059034297919 312.0 15 
13413 312.180275989564 281.073391037849 312.0 16 
13412 312.180755303975 207.070163165112 312.0 16 
3260 312.181089776576 133.563542514842 312.0 16 
11666 317.47193944402 85.9231053326357 317.0 17 
1378 317.48092113501 311.992365788503 317.0 17 
3202 317.99967279208 173.427542035623 317.46142681298 18 
3201 318.03310259646 425.949427547366 317.116493503948 18 
14259 318.37101823966 106.874058496217 318.016203293618 19 
14578 318.38444497729 64.3785617679426 318.035948496015 19 
4110 318.364233912386 274.544356819709 318.006226341744 19 
15806 319.055548480616 66.8801376562392 319.015758595219 20 
15805 319.177516863561 457.753904893401 319.139375199554 20 
16088 322.370659723711 236.750244846723 322.358125336919 21 
16087 323.525084033671 500.611331165232 323.473511143645 21 
5546 324.36350680995 34.911642794522 324.28358145889 21 
5545 326.1402660868 270.238812605752 326.0 22 
6129 326.163668474729 375.534297812967 326.0 23 
6128 326.192719043448 422.615103785612 326.0 23 
6429 326.710026148325 4.67465079159783 326.0 24 
6741 326.720651619319 345.967782421503 326.0 25 
17322 326.722246606685 500.867518115792 326.0 25 
17321 326.724133342778 500.867518120495 326.0 25 
17320 326.726020078872 500.867518115792 326.0 25 
17319 326.727622989449 350.174496164007 326.0 25 
16321 326.840970052015 317.816913135794 326.080223752655 26 
6059 328.205733627285 167.231840468969 327.648141222665 27 
6058 334.730537100267 138.742788088757 334.0 28 
6383 334.731080295961 1.57455989299045 334.0 28 
6382 334.733288154947 568.755656092146 334.0 28 
6381 334.736738519997 322.536522324023 334.0 28 
17573 334.8400890053 173.922378611718 334.0 29 
8959 334.859638891982 219.256345645128 334.034424614219 30 
19602 334.885475136707 368.441972201367 334.126696916804 30 
19146 335.142333796433 132.328147365813 335.0 31 
18910 335.1841822875 316.660395875506 335.0 31 
29668 335.248159216081 369.742082022416 335.0 31 
29423 335.315642897785 354.284021867653 335.0 31 
29422 335.359039910526 111.318465458141 335.0 31 
28598 336.2668873535 189.200866561946 335.477776301442 32 
17545 337.23739352986 180.340858091503 336.410955317172 32 
6634 340.971456928978 272.870710755545 340.007668047254 33 
6633 340.97473441503 340.975236235561 340.02491797384 33 
6317 340.978493113974 362.997893430497 340.044700599864 33 
6316 340.982257766066 342.090211268735 340.06451455824 33 
16562 340.98601646501 361.882918389836 340.084297184264 33 
16561 340.989379391867 267.965382684157 340.101996799301 33 
16544 304.935427990735 145.667482783118 304.18475996912 34 
16543 305.152139615791 580.81033362472 304.907132052654 34 
5984 304.883635209213 187.304517529781 304.012117364044 34 
16244 304.901764848037 393.505816089439 304.072549493458 34 
16243 304.959686814682 578.576287724448 304.26562271561 34 
15951 304.974181244292 2.23404589563594 304.313937480981 34 
15950 304.988731425702 580.810333619221 304.362438085681 34 
15949 305.01293449785 389.037724280484 304.44311499284 34 
15647 305.027428927461 191.772609344236 304.491429758211 34 
15646 305.046709144146 580.810333623857 304.555697147164 34 
15645 305.066182181018 199.499160831884 304.620607270071 34 
15331 305.080676610629 381.311172787336 304.668922035442 34 
15330 305.10468686259 580.81033362472 304.748956208646 34 
4818 305.133924293797 9.96059738792108 304.846414312672 34 
15019 304.920933561124 570.8497362313 304.136445203749 34 
15018 305.119429864186 159.061514400662 304.798099547302 34 
16544 304.877294499837 44.3678516853496 303.9996925568 35 
16858 304.090725746527 460.650525162626 303.910309743923 35 
6293 304.80138793819 279.132748635644 303.991066811158 35 
17179 304.030125954589 394.944491462504 303.903423403931 35 
17180 304.846499064648 344.838782335766 303.996193075528 35 
17520 304.760283489499 329.238457765072 303.986395851079 35 
17521 304.715172363041 410.544816044804 303.981269586709 35 
17834 304.674067914349 263.532424053344 303.976598626631 35 
17835 304.62895678789 476.403110604891 303.97147236226 35 
18119 304.587852339199 197.44367361475 303.966801402182 35 
18120 304.54273192805 542.817393487579 303.961674082733 35 
18388 304.501641532291 130.901559442571 303.957004719578 35 
18389 304.456501270551 548.588541867079 303.951875144381 35 
18650 304.415418669796 224.487441603753 303.947206667022 35 
18651 304.373984151102 529.538576758174 303.942498198989 35 
18652 304.326842873802 459.039221607499 303.937141235659 35 
18902 304.280863241291 70.4993551460431 303.931916277419 35 
18903 304.220580913135 514.864754394476 303.925066012856 35 
18904 304.188290264581 499.744451728438 303.921396620975 35 
8273 304.152595439752 494.039476778934 303.917340390881 35 
8273 304.0 6.01377792947598 303.9 36 
8274 304.0 144.553651702368 303.9 36 
18656 304.0 382.24132710778 303.9 36 
18657 304.0 526.794978810148 303.9 36 
8032 304.0 526.794978810148 303.9 36 
8033 304.0 117.074951072014 303.9 36 
7783 304.0 409.720027738134 303.9 36 
7784 304.0 526.794978819975 303.9 36 
7785 304.0 526.794978810148 303.9 36 
7786 304.0 89.5962504516874 303.9 36 
7525 304.0 437.198728358461 303.9 36 
7526 304.0 526.794978810148 303.9 36 
7527 304.0 526.794978819975 303.9 36 
7249 304.0 464.677428978788 303.9 36 
28598 336.252543969744 162.006557838142 334.320077942666 37 Neckar
17545 337.208050146104 180.05582057027 335.988256958396 37 Neckar
1714 317.46 204.412138389044 317.0 38 
1713 317.460406280259 218.501330883485 317.0 39 
1712 317.460642582509 254.789845223801 317.0 39 
1712 317.460895359252 251.49818881518 317.0 40 
1711 317.461272680948 504.241664068101 317.0 40 
1710 317.461612963661 177.312591482368 317.0 40 
1534 317.461864718705 326.929072585733 317.0 40 
1533 317.462279701123 504.241664072548 317.0 40 
1532 317.462783211211 504.241664068101 317.0 40 
11970 317.463138290898 206.949536372001 317.0 40 
11970 317.463389126092 295.449758308835 317.0 41 
1531 317.463601177108 129.268474096297 317.0 41 
1531 317.463851371969 371.848292729191 317.0 42 
1530 317.464287221226 501.116757541828 317.0 42 
1529 317.464787610941 501.116757541828 317.0 42 
11966 317.465281945739 488.98932946214 317.0 42 
11966 317.465532123915 12.0940171634116 317.0 43 
11965 317.465692840385 309.805950112121 317.0 43 
11965 317.46592375931 152.702925025886 317.0 44 
11808 317.46776473796 443.548407044582 317.0 45 
1382 317.46806571789 9.28373755664745 317.0 45 
1382 317.468404230267 500.016948569865 317.0 46 
1381 317.469040910942 457.885708267336 317.0 46 
1381 317.469378774028 50.4381042025716 317.0 47 
1380 317.469706149138 442.106277660855 317.0 47 
1379 317.47 148.545168086541 317.0 48 
1378 317.47 37.0514366340359 317.0 48 
11666 317.47 53.1903082914632 317.0 48 
14325 312.246339016178 311.712050367341 312.064757489857 49 
14324 312.262447159213 107.556680141212 312.083272596793 49 
4175 312.282375013865 411.132923209058 312.106178176852 49 
4174 312.316517454585 477.539206510781 312.145422361585 49 
4174 312.336424567156 40.6105142686313 312.168304100173 50 
4173 312.357651213807 511.884529696381 312.192702544599 50 
4172 312.396984026496 511.884529700035 312.237912674128 50 
4171 312.419803498404 82.0691617295617 312.264141952184 50 
4465 312.439469904749 429.815367970473 312.286747016948 50 
4464 312.475649651875 511.884529696381 312.328332933185 50 
25678 312.498868289029 92.458783061423 312.35502102187 50 
25678 312.518367148051 415.064762666777 312.377433503502 51 
14960 312.548689648936 374.180554076454 312.412286952792 51 
14960 312.56810526782 131.176386435189 312.434603756106 52 
14959 312.592429748297 501.950227141354 312.46256292907 52 
14958 312.630999216833 501.95022714227 312.506895651528 52 
14957 312.653867828728 93.2824981613437 312.533181412328 52 
4753 312.666112486232 225.425995837042 312.5472557313 52 
4753 312.681821104848 183.443764686596 312.565311614766 53 
15263 312.708174940066 502.503647895291 312.595603379386 53 
15262 312.746786933027 502.503647890332 312.639984980491 53 
15261 312.785398925989 502.503647895291 312.684366581597 53 
15260 312.821501455065 437.186389702548 312.725863741455 53 
15260 312.840796295898 65.0268948442831 312.748041719424 54 
15259 312.844419228533 29.2721415716438 312.752206009809 54 
15259 312.86326169873 461.166672020595 312.77386402153 55 
15259 312.881356328517 9.80707358347844 312.794662446573 56 
15258 312.900906529408 499.052817376253 312.817133941852 56 
15257 312.921607417735 39.7575936368664 312.840928066369 56 
15257 312.93513159027 312.254592756328 312.856473092265 57 
15257 312.953034981825 153.741533032543 312.877051703242 58 
15256 312.97855013183 510.376269341149 312.906379461872 58 
15256 312.998606036959 11.6462794727207 312.929432226391 59 
15255 313.009723411897 277.720885063054 312.942210818271 59 
25665 313.026462711828 157.975831494642 312.9614513929 59 
25665 313.037340045932 125.143461081386 312.973954075777 60 
14948 313.051074004737 232.329120428443 312.989740235327 60 
14637 317.45 101.620853158526 317.0 61 
4168 317.45 124.613238769542 317.0 61 
3865 317.45 78.2229230529715 317.0 61 
3547 317.452285287652 287.838248889247 317.0 62 
3546 317.452886845165 434.104494736172 317.0 62 
3250 317.453364038379 138.585845949867 317.0 62 
3249 317.453956708003 572.69034068203 317.0 62 
3248 317.454685957939 302.498960070795 317.0 62 
2964 317.455047270796 131.120751174114 317.0 62 
2964 317.455280646818 148.959077674379 317.0 63 
2963 317.455702383353 357.176452071128 317.0 63 
2705 317.456323180351 50.3625627268175 317.0 64 
2704 317.456731371625 603.141284180195 317.0 64 
12894 317.45719141201 133.371669824092 317.0 64 
12893 317.457613774184 542.819428565878 317.0 64 
12631 317.458073814569 193.693525438409 317.0 64 
12630 317.45842743894 372.450097948206 317.0 64 
12630 317.458943058769 120.836247859389 317.0 65 
23067 317.459406828249 211.371638944158 317.0 65 
23066 317.459957330333 531.11150451392 317.0 65 
1715 317.458735555232 140.957639530346 317.0 65 
1714 317.459826615769 68.3130522939537 317.0 65 
1537 317.46026327399 285.796109496221 317.0 66 
1537 317.460502463228 182.964009144183 317.0 67 
11820 317.461190586459 51.418754587571 317.0 68 
11820 317.4614481769 453.403814988431 317.0 69 
11819 317.461936808508 504.210383967172 317.0 69 
11818 317.462451364644 504.210383967172 317.0 69 
11817 317.462965920779 504.210383967172 317.0 69 
11816 317.463424754421 395.006128805678 317.0 69 
11679 317.463682032488 109.204255165941 317.0 69 
11678 317.463995033049 504.210383967172 317.0 69 
11677 317.464509589185 504.210383967172 317.0 69 
11676 317.464967543791 393.283405897019 317.0 69 
11676 317.465224445225 110.188855911761 317.0 70 
11675 317.465536236228 500.855304228657 317.0 70 
11674 317.466047368443 500.855304221022 317.0 70 
11673 317.466558500659 500.855304221022 317.0 70 
11672 317.467069632874 500.855304224297 317.0 70 
11671 317.467437694806 220.467928167039 317.0 70 
11671 317.467692777913 279.440798331168 317.0 71 
11670 317.468037528933 396.197998866466 317.0 71 
11670 317.468292748212 103.977596430345 317.0 72 
11669 317.46860300834 504.06637589181 317.0 72 
11668 317.469089653223 449.654262997616 317.0 72 
11668 317.469348226988 57.0954100097048 317.0 73 
11667 317.469578599168 394.385143747496 317.0 73 
11667 317.469848589788 134.73914110802 317.0 74 
11666 317.469958670848 80.9963624711301 317.0 74 
14722 305.261716810524 134.434515940541 305.096137424145 75 
14393 305.285847412442 293.659194938589 305.124526367574 75 
14392 305.302480411947 1.42181902855379 305.144094602283 75 
14392 305.335180261203 578.696317395357 305.182565013175 76 
14391 305.370359119668 45.4011717043431 305.22395190549 76 
14391 305.375476292623 45.3810461372734 305.229972108967 77 
14063 305.404390366078 467.574786726682 305.263988665977 77 
14063 305.436036341663 93.8468956361409 305.301219225493 78 
14062 305.451237424118 175.83091101522 305.319102851911 78 
13774 305.486173536345 443.960090458723 305.360204160412 78 
13774 305.521707639265 186.439683052677 305.402008987377 79 
13479 305.53234238763 2.22817148334133 305.414520456042 79 
13478 305.56087073934 503.884688526665 305.44808322276 79 
13478 305.592310069123 53.8709531038872 305.485070669563 80 
13202 305.616626387713 377.517501098948 305.513678103192 80 
13202 305.645915657892 142.094583309517 305.548136068104 81 
12957 305.682441712974 505.903113504133 305.591107897612 81 
12713 305.712236707966 22.680881914509 305.626160832897 81 
12712 305.740753236776 483.222231582093 305.659709690319 81 
12436 305.780583249731 223.389982666598 305.70656852909 81 
12436 305.809817651722 295.248701855561 305.740961943198 82 
12201 305.856262145105 528.709009321493 305.795602523654 82 
22686 305.892607818933 116.088598250003 305.838362139926 82 
22686 305.905225226476 107.75301315519 305.8532061488 83 
22685 305.929935472198 330.623983235038 305.88227702612 83 
22514 305.955627306382 125.167077200944 305.912502713395 83 
22514 305.989142346348 469.413111033351 305.951932172177 84 
22513 306.016679680634 19.1184085310203 305.984329036041 84 
22366 306.023878669426 108.596674464304 305.992798434619 84 
22366 306.078965342914 1.18087727467018 306.0 85 
22365 306.082186786963 72.6843862234677 306.0 85 
22235 306.097179107054 271.078118108291 306.0 85 
22235 306.118870219085 226.282593734715 306.0 86 
22234 306.136099586685 168.773709538872 306.0 86 
22234 306.158883973097 353.654952844 306.0 87 
22233 306.187924699767 312.226836340774 306.0 87 
22233 306.21012568321 196.824839423658 306.0 88 
22232 306.232416741345 314.292180559157 306.0 88 
22124 306.25399971704 180.589047278295 306.0 88 
22124 306.262119819761 5.5987361770927 306.0 89 
22123 306.277290397102 342.251071383288 306.0 89 
22231 306.299072157081 157.188129018572 306.0 89 
22230 306.316049302335 232.084907632017 306.0 89 
22230 306.337869175782 268.228205629852 306.0 90 
22229 306.371420220121 501.071739518648 306.0 90 
22228 306.415126138094 501.071739523389 306.0 90 
11568 306.440000774365 69.2847634185984 306.0 90 
11568 306.462041024574 436.081421453798 306.0 91 
11567 306.503129900555 506.055273801272 306.0 91 
11566 306.542600101805 398.96644022733 306.0 91 
1264 310.357469280398 273.557586875248 310.13517525996 92 
1263 311.368678701588 249.679820020269 311.23631074583 92 
1263 311.96060515381 56.6049667339128 311.88087675551 93 
1262 312.070871082641 388.816597073378 312.0 94 
1261 312.071632067389 508.102465026818 312.0 94 
1260 312.072482351228 494.067138370647 312.0 94 
1260 312.072913749611 14.3917159453584 312.0 95 
1259 312.07316149087 277.603435976106 312.0 95 
1393 312.073603533399 243.400921981529 312.0 95 
1392 312.074252087749 521.004357961088 312.0 95 
1391 312.075136172807 521.004357961088 312.0 95 
1390 312.075668824458 106.79458321874 312.0 95 
1390 312.076019621553 306.665217436324 312.0 96 
1548 312.076374645019 111.775909413485 312.0 96 
1547 312.076494877126 29.9331980270617 312.0 96 
1547 312.07692559792 477.727029847757 312.0 97 
1546 312.077490598864 188.199744247556 312.0 97 
1546 312.077916596724 313.89389379559 312.0 98 
11989 312.078606688082 499.468129372751 312.0 98 
11988 312.079454228612 499.46812936841 312.0 98 
11987 312.079938999438 71.8970606645052 312.0 98 
11985 312.089958967922 334.021945278631 312.0 99 
1731 312.091454416292 41.0049528625759 312.0 99 
1730 312.093690112647 519.660521033877 312.0 99 
1729 312.097834484601 519.660521033877 312.0 99 
12168 312.100076880999 42.6851822793043 312.0 99 
12168 312.102147418464 476.561926559605 312.0 100 
12167 312.104809044641 190.917759563984 312.0 100 
1965 312.106879434578 328.292352438255 312.0 100 
1964 312.110258915319 519.210112002239 312.0 100 
12394 312.112509086258 45.0852819332743 312.0 100 
12394 312.114564284906 470.315175461579 312.0 101 
12393 312.118493456637 515.038191304426 312.0 101 
12392 312.120666813086 29.9937494339941 312.0 101 
2226 312.12272056717 485.044441864475 312.0 101 
2225 312.126708472974 515.038191300846 312.0 101 
2224 312.128954324459 48.1739749261583 312.0 101 
2224 312.131008078588 466.864227444498 312.0 102 
2223 312.134849692609 496.531513016487 312.0 102 
2480 312.136903446742 18.5066905099305 312.0 102 
2479 312.139030997716 515.038203516881 312.0 102 
2478 312.143138505983 515.038203516881 312.0 102 
12912 312.146307310983 279.631230499822 312.0 102 
12912 312.148370062907 237.663429008636 312.0 103 
12911 312.166841220315 363.989768946567 312.0 103 
2721 312.152842641006 155.985251105221 312.0 103 
2720 312.155538084163 519.97502005799 312.0 103 
2719 312.163831844429 519.97502005799 312.0 103 
13153 312.159684964296 519.975020051788 312.0 103 
2718 312.166124659993 55.0147459229656 312.0 103 
2975 312.15076920094 124.683463802319 312.0 103 
2975 312.168668938816 333.669772770084 312.0 104 
2974 312.172032653285 509.87884427485 312.0 104 
13414 312.174634780524 142.679764387986 312.0 104 
13414 312.176656018538 364.204082259349 312.0 105 
13413 312.179054155053 237.197955665324 312.0 105 
3260 312.181402057194 184.469397155825 312.0 106 
3259 312.182091253888 517.422549996123 312.0 106 
3258 312.183107381548 517.422549993569 312.0 106 
13704 312.184101550549 495.059405414992 312.0 106 
3554 312.184609614379 22.3631445811315 312.0 106 
3553 312.185139636867 517.42254999965 312.0 106 
3552 312.186155764527 517.422549990042 312.0 106 
14001 312.186889853508 230.188617134183 312.0 106 
14001 312.187397917308 287.233902342859 312.0 107 
14000 312.187982787519 308.409828412735 312.0 107 
3869 312.188490851295 209.012666592414 312.0 107 
3868 312.189204147287 517.422495007703 312.0 107 
14326 312.189856105532 146.545056449833 312.0 107 
1378 317.489084785282 49.6814824689225 317.0 108 
11802 317.502067215868 525.478583583734 317.0 108 
11801 317.525789270433 525.478583580367 317.0 108 
11800 317.541222577392 158.262553483015 317.0 108 
1519 317.553083604675 367.216030100719 317.0 108 
11953 317.563608987376 99.0895487709977 317.0 108 
11953 317.676006061356 435.792482275012 317.0 109 
11952 317.621886733143 514.827417386969 317.0 109 
1689 317.646131946317 22.2399028873262 317.0 109 
12126 317.694622372663 537.067320267468 317.0 109 
12125 317.609262130656 537.067320277462 317.0 109 
12124 317.663883454769 249.376998231018 317.0 109 
1912 317.575682267927 287.69032203645 317.0 109 
1911 317.59713952407 537.067320274295 317.0 109 
12338 317.715100476175 370.173222328249 317.0 109 
12338 317.801469700045 163.886458847559 317.0 110 
12337 317.789565557898 8.46168723846206 317.0 110 
2169 317.727155194763 518.927012301024 317.0 110 
12596 317.837991695745 527.388699536155 317.0 110 
12595 317.814183411452 491.522387286331 317.0 110 
2426 317.742949554564 35.8663122629942 317.0 110 
2425 317.731045412417 527.388699545993 317.0 110 
12855 317.871893987672 527.388699539486 317.0 110 
12854 317.859989845525 447.194387742189 317.0 110 
2664 317.766566842865 80.194311797297 317.0 110 
13096 317.885608264332 527.388699545993 317.0 110 
13095 317.909416548625 527.388699539486 317.0 110 
13094 317.924236123851 129.162306811224 317.0 110 
13094 317.931353213887 186.145828188588 317.0 111 
2920 317.941021863858 242.203957311681 317.0 111 
2919 317.959293474616 567.282431422201 317.0 111 
24063 317.976312236455 186.699045330398 317.0 111 
24063 317.981650391999 49.7970310709369 317.0 112 
3202 317.986387201724 160.057647225908 317.0 112 
3201 318.06457390208 138.31279717648 317.201551086707 113 
13644 318.219867796746 225.415318531639 317.621264315537 113 
3495 318.114376487291 303.787982935029 317.336152668359 113 
3494 318.160835956208 529.203301463368 317.461718800568 113 
13940 318.255449254157 529.203301466668 317.717430416651 113 
3493 318.084860567022 108.751556847867 317.256379910874 113 
3493 318.262579618601 19.091734841616 317.736701671905 114 
3809 318.286564621091 410.945424340421 317.801526002955 114 
3809 318.309817326427 5.96207232609472 317.864371152506 115 
14259 318.335074928287 446.892054165584 317.932634941316 115 
4110 318.409802697362 365.545047810477 318.073239260827 116 
4109 318.427836838127 89.6797275799369 318.099760056068 116 
25601 318.448811386554 439.767958431173 318.130604980226 116 
25601 318.470761383659 114.30238142847 318.162884387733 117 
4402 318.476980205784 42.6755385507733 318.172029714388 117 
4402 318.487066639449 211.930131852646 318.186862705071 118 
25911 318.509418457182 352.283120092706 318.219733025265 118 
4688 318.526129523118 69.5440873353124 318.244308122229 118 
4688 318.545074661575 408.676445213942 318.272168619965 119 
4688 318.56415991251 73.0808608388274 318.300235165462 120 
15189 318.578630131346 292.182015017755 318.321514899042 120 
4987 318.599001157248 222.031321324351 318.351472290072 120 
4986 318.627415862882 495.223698382991 318.393258621881 120 
4986 318.647769019429 18.5385727529143 318.423189734447 121 
26235 318.668390590008 501.999109548635 318.453515573535 121 
26234 318.70668265055 464.58393356935 318.509827427273 121 
26234 318.726562018458 37.2187810441765 318.539061791844 122 
26233 318.747819233305 499.364080358884 318.570322401914 122 
26232 318.787384751724 499.364080350456 318.628506987826 122 
26231 318.807627683022 11.6158423152819 318.658276004441 122 
26231 318.827510477977 490.273379178281 318.687515408788 123 
26230 318.866818278175 501.94935833254 318.745320997317 123 
26229 318.906588632837 501.949358337422 318.803806812998 123 
26228 318.933265474514 171.437825468482 318.843037462524 123 
26228 318.954841913925 44.2102645067429 318.874767520482 124 
26539 319.022855715614 284.782497195195 318.974787817081 124 
26538 318.985917630538 499.642793703245 318.920467103735 124 
15806 318.941808568432 432.762675566353 318.855600835933 124 
15805 319.293716106666 42.0647954912224 319.2571447027 125 
15804 319.420141214323 501.7393749615 319.385278257758 125 
15803 319.653432748082 501.739374957525 319.621722379813 125 
15802 319.807938430161 162.850403373421 319.778315976515 125 
15802 319.925640265196 343.431536570632 319.897608376889 126 
15801 320.123691505233 508.464833473889 320.098335985034 126 
15800 320.360110145635 508.464833473889 320.337949471928 126 
15799 320.511370034587 142.16351052095 320.491253413433 126 
5547 320.585790752759 177.949302984976 320.566679816986 126 
5547 320.670276090106 185.45540074227 320.652306848081 127 
16093 320.829782686274 500.645278301531 320.813968938792 127 
16092 321.062565502758 500.645278301531 321.049897469012 127 
16091 321.29534831924 500.645278297499 321.28582599923 127 
16090 321.528131135723 500.645278301531 321.521754529449 127 
16089 321.760913952206 500.645278301531 321.757683059669 127 
16088 321.938652680224 263.878979095426 321.937823662389 127 
5546 325.148207110116 466.297353791625 325.041746000113 128 
5545 326.009124610126 83.5935997763339 325.873550347948 128 
5545 326.140678822307 148.937010983536 326.0 129 
5544 326.141320331028 502.581799293913 326.0 129 
5543 326.141842018511 27.24608525904 326.0 129 
5828 326.142336878524 475.335714033843 326.0 129 
5827 326.14329977108 502.581799293913 326.0 129 
5826 326.144289491107 502.581799292883 326.0 129 
5825 326.145279211133 502.581799293913 326.0 129 
5824 326.146268931159 502.581799292883 326.0 129 
5823 326.146944355476 183.381825788859 326.0 129 
5823 326.147440946774 320.958272683021 326.0 130 
5822 326.148254559697 505.350249285145 326.0 130 
5821 326.14907434979 327.231832111588 326.0 130 
6130 326.149571935719 178.118417177394 326.0 130 
6129 326.149873658741 128.312684927182 326.0 130 
6128 326.211040032778 80.7446345785364 326.0 131 
6127 326.232304556515 503.487194387263 326.0 131 
6126 326.268955813313 503.487194396246 326.0 131 
6125 326.305607070111 503.487194387263 326.0 131 
6124 326.333123315275 252.507458364203 326.0 131 
6124 326.351370198816 248.816261652586 326.0 132 
6123 326.378594124952 499.147076498166 326.0 132 
6122 326.413033524076 447.057662817504 326.0 132 
6122 326.431200932245 52.0825123285177 326.0 133 
6121 326.451261852967 499.080944205001 326.0 133 
6120 326.483120036602 376.206230015216 326.0 133 
6120 326.501312483825 123.621880234062 326.0 134 
6119 326.524087709756 502.115712896034 326.0 134 
6118 326.556925174467 400.076704158614 326.0 134 
6118 326.5717008907 5.87848330169248 326.0 135 
6433 326.575475726076 97.8331729296243 326.0 135 
6432 326.589099237536 276.465782257275 326.0 135 
6432 326.6076264336 232.559379854492 326.0 136 
6431 326.634561337472 507.463220535508 326.0 136 
6430 326.671502028355 507.463220544741 326.0 136 
6429 326.699986186898 275.124353398812 326.0 136 
6429 326.711323732702 227.300195380064 326.0 137 
6428 326.714825648842 398.752700747441 326.0 137 
6428 326.717656384163 107.310258913057 326.0 138 
6427 326.719034633293 139.085379122662 326.0 138 
6741 326.719906313595 16.7487292147284 326.0 138 
17319 326.728565700468 150.344182619586 326.0 139 
17318 326.729790053201 499.708059702426 326.0 139 
17317 326.731672421689 499.708059697998 326.0 139 
17316 326.733262638001 344.594119402107 326.0 139 
17316 326.734203822309 155.113974176346 326.0 140 
17315 326.735339833729 448.034736651868 326.0 140 
17315 326.73628144034 51.8975738351018 326.0 141 
17314 326.737324454756 501.875731665399 326.0 141 
17313 326.739214988725 501.87573166143 326.0 141 
17312 326.740190328745 15.9668396942013 326.0 141 
17312 326.741141537112 489.063381518751 326.0 142 
17311 326.742201437192 73.6751214575784 326.0 142 
17643 326.743152840791 431.458755468015 326.0 142 
17642 326.744343421266 200.662598099436 326.0 142 
17642 326.745294825315 304.471518353872 326.0 143 
17641 326.746819692088 505.134274319811 326.0 143 
17640 326.748722500782 505.134274315966 326.0 143 
17639 326.75001582606 181.537935542875 326.0 143 
17639 326.75096275482 321.220091721789 326.0 144 
17638 326.752235400785 354.472739913633 326.0 144 
17638 326.753178793234 146.407735400934 326.0 145 
17637 326.753925699604 250.151319309059 326.0 145 
17637 326.754867273719 249.763736642615 326.0 146 
17636 326.755970901629 336.191418368822 326.0 146 
17636 326.756917650944 166.471333514428 326.0 147 
17635 326.758176911679 502.1148055523 326.0 147 
17635 326.759133051268 5.53357784217094 326.0 148 
17634 326.760111824684 514.131904066217 326.0 148 
7042 326.761238705806 84.1692060524492 326.0 148 
7042 326.761832104337 230.887097642037 326.0 149 
6731 326.76265579961 206.441905413276 326.0 149 
6730 326.763584697942 286.743129593546 326.0 149 
6730 326.764582787967 243.178225503242 326.0 150 
6729 326.76605485899 538.396434032221 326.0 150 
6728 326.767353287347 150.985181525866 326.0 150 
6393 326.767786137703 78.8304077782543 326.0 150 
6393 326.768566647048 335.569655709974 326.0 151 
16959 326.770251247668 558.844496231268 326.0 151 
16630 326.771353990358 26.6406662048287 326.0 151 
16629 326.771709018708 161.856462883959 326.0 151 
16629 326.772771824474 402.424772637547 326.0 152 
16628 326.774253632799 384.319766273881 326.0 152 
16628 326.775267650706 154.058265687062 326.0 153 
16324 326.775575764905 9.5304786036263 326.0 153 
16323 326.776590845756 529.41190697755 326.0 153 
16322 326.777758489091 90.5313068898641 326.0 153 
16322 326.77838801751 243.707633670302 326.0 154 
16322 326.77918289288 178.319860913481 326.0 155 
16321 326.779609979305 48.4354525031342 326.0 155 
16321 326.77985060297 79.3201766685956 326.0 156 
16321 326.912298435692 53.9945905447726 326.174076889076 157 
16320 326.993062181327 367.000364888398 326.280344975436 157 
16320 327.08923349359 134.309189307789 326.406886175779 158 
16319 327.188705969305 384.208248802897 326.537771012244 158 
16319 327.286889585238 127.590785376371 326.666959980575 159 
16318 327.374052989078 326.763492343776 326.781648669835 159 
16318 327.467280784444 159.202472289419 326.904316821632 160 
6060 327.50625453076 43.9549031505878 326.955598066788 160 
6059 327.527343423521 65.9745880886221 326.983346609896 160 
6059 330.117220664522 312.932420685058 329.509116085063 161 
6058 332.135627841832 194.090107913055 331.474185659638 161 
6058 333.819140804595 228.807218703115 333.11321079724 162 
6381 334.738508159875 134.593711403566 334.0 163 
6715 334.73948231525 117.048376873927 334.0 163 
6714 334.742185689442 581.282448798647 334.0 163 
6713 334.745487102077 271.53260652216 334.0 163 
7024 334.747737359279 309.749842284235 334.0 163 
7023 334.750716201895 459.739497932637 334.0 163 
7023 334.752943740959 115.674441621323 334.0 164 
7022 334.753865401791 122.407349459895 334.0 164 
7304 334.756007008881 430.808795194121 334.0 164 
7303 334.75981636045 553.216144651086 334.0 164 
7302 334.76260147807 166.230498453259 334.0 164 
7302 334.763259795694 3.82494216669927 334.0 165 
7570 334.764651744814 355.740885093665 334.0 165 
7569 334.768018750636 514.018084806915 334.0 165 
7568 334.77138784533 356.280479068978 334.0 165 
7568 334.773377707501 157.737186859417 334.0 166 
18178 334.775978197279 514.016719797114 334.0 166 
18177 334.778658109548 178.253463913056 334.0 166 
7826 334.779382060595 8.75628646294864 334.0 166 
7826 334.780661937564 321.859260996196 334.0 167 
7825 334.782579774449 173.552960057707 334.0 167 
7825 334.784538313215 332.373299579105 334.0 168 
18441 334.78778353584 505.926852589619 334.0 168 
18440 334.790426690865 176.848265083166 334.0 168 
18440 334.792367972914 324.620270261648 334.0 169 
29195 334.794311781864 177.501009626662 334.0 169 
29195 334.79626285448 326.49660701977 334.0 170 
29194 334.797528119565 0.344424733777743 334.0 170 
29194 334.798891799675 351.91900127681 334.0 171 
29194 334.800951582517 180.160447654665 334.0 172 
28924 334.801665533501 4.26610397653678 334.0 172 
28923 334.802081287174 103.130647323811 334.0 172 
28923 334.804326243682 476.782535450196 334.0 173 
28922 334.806242377462 18.1897435227319 334.0 173 
28922 334.807741702112 369.113140329376 334.0 174 
28634 334.809927754572 195.584053038155 334.0 174 
28633 334.811846611135 300.091570227529 334.0 174 
28633 334.814027907693 263.377087033383 334.0 175 
28632 334.816400309731 349.457598876238 334.0 175 
28312 334.817809878803 14.6597832595822 334.0 175 
28312 334.818508973978 165.929242187914 334.0 176 
28311 334.821102161987 503.938483751569 334.0 176 
28310 334.824082666714 265.980209653045 334.0 176 
28310 334.826024761428 235.698251733011 334.0 177 
28309 334.828869510566 499.152299074839 334.0 177 
28308 334.832734141465 499.152299079082 334.0 177 
17574 334.836598772364 499.152299074839 334.0 177 
17573 334.839265543907 189.723395030486 334.0 177 
17573 334.840247384758 135.561800984709 334.0 178 
17572 334.840572305853 499.356014168235 334.0 178 
17571 334.84099433043 325.308579548384 334.0 178 
17571 334.841250059752 174.403827920618 334.0 179 
17570 334.841529934747 372.490857853117 334.0 179 
17570 334.841787857846 131.508338123059 334.0 180 
17569 334.842118477516 514.544880500998 334.0 180 
17568 334.8423883362 12.7772581367478 334.0 180 
17568 334.842424520275 57.9288742201408 334.0 181 
7272 334.842678125603 437.633103377345 334.0 181 
17876 334.843149228298 482.933450790371 334.0 181 
17876 334.843409489789 25.6351180184245 334.0 182 
17875 334.843674375189 491.968879050202 334.0 182 
17875 334.844160755497 25.9182033626558 334.0 183 
28618 334.843939405458 406.614757728634 334.0 183 
7548 334.844579472476 150.394727698123 334.0 183 
7547 334.844445806769 110.79711240867 334.0 183 
7547 334.84483941445 397.147100446395 334.0 184 
7547 334.845068527633 50.555567600176 334.0 185 
18155 334.845246687064 297.580017342912 334.0 185 
7805 334.845569733562 333.674704949717 334.0 185 
7804 334.845868821882 250.764114676507 334.0 185 
7804 334.846092502262 186.322487286541 334.0 186 
8052 334.84632452171 267.05922034197 334.0 186 
8051 334.846664662565 397.599035502153 334.0 186 
29680 334.847049595515 354.58600721974 334.0 186 
8287 334.847389736371 310.072248605196 334.0 186 
29916 334.847665939812 229.647972157986 334.0 186 
29916 334.848308419234 187.723560679659 334.0 187 
8517 334.847879530944 305.122299685589 334.0 187 
8742 334.848131746288 40.1085994176896 334.0 187 
8742 334.848470041768 275.712772405256 334.0 188 
8741 334.848832325188 432.213555109828 334.0 188 
8741 334.849118098806 126.207440307636 334.0 189 
19382 334.849400723976 426.061271278759 334.0 189 
8960 334.849662531392 85.528141370212 334.0 189 
8959 334.849853150338 286.954180225807 334.0 189 
19602 334.907456042431 131.558761512541 334.205200151531 190 
30366 334.931918706476 424.894649682074 334.292566808836 190 
30366 334.954047298089 78.4655021690333 334.371597493171 191 
30365 334.962640736972 117.009870915281 334.402288346328 191 
19378 334.980633953358 292.282699136572 334.466549833427 191 
19378 334.998226299064 107.891246011647 334.529379639523 192 
30140 335.023269937189 461.777610863765 334.618821204248 192 
30140 335.047490438368 89.1673097808417 334.705322994166 193 
30139 335.063563470404 276.446733255131 334.762726680012 193 
19147 335.090804044021 343.195922377605 334.860014442935 193 
19146 335.106114687875 5.07603952527428 334.914695313845 193 
19146 335.11816891972 269.122159701897 334.95774614186 194 
29422 335.390151765262 222.477711636082 335.0 195 
29159 335.446791696921 385.206813114905 335.0 195 
29158 335.511254746178 306.411208020254 335.0 195 
28888 335.554863580273 161.463890800494 335.0 195 
28888 335.592479474915 242.11352161459 335.0 196 
28887 335.643542696767 305.739005651922 335.0 196 
28599 335.708305982093 389.100220178046 335.0 196 
28598 335.757286256731 136.404561408285 335.0 196 
17545 338.209918922287 189.969727806529 337.346075886811 197 
17544 338.924754000962 82.2195629462326 338.033417308611 197 
17544 339.815719424684 257.035258206336 338.890114831422 198 
6634 340.730378169649 91.2413198489791 339.769594393892 198 
16561 340.991224162641 77.5448788530885 340.111706119165 199 
16257 340.993487442958 346.348748136542 340.123618120837 199 
16256 340.997367430362 380.340703771715 340.144039107176 199 
15962 341.001021696918 304.073106069998 340.163272089056 199 
15961 341.004901684322 422.616345845531 340.183693075396 199 
15657 341.008555950878 261.797463999018 340.202926057276 199 
15656 341.01037326406 78.5702183061505 340.212490863497 199 
15656 341.016073612905 424.030897660263 340.242492699512 200 
15343 341.013056784503 140.996033823865 340.226614655297 200 
15342 341.02023450079 638.303747449498 340.264392109423 200 
4828 341.025068166052 18.3223173481653 340.289832452896 200 
15033 341.023740401219 230.357020325344 340.28284421694 200 
15033 341.028228086247 361.469817202341 340.306463611822 201 
4534 341.031283279882 210.742604600057 340.322543578332 201 
4534 341.032979927234 107.025368896317 340.33147330124 202 
4256 341.034877439859 248.363003610455 340.341460209787 202 
4255 341.037114442875 170.609102560341 340.353233909862 202 
4255 341.039991583381 368.255445220583 340.368376754635 203 
4254 341.043328922131 256.800416149835 340.38594169544 203 
4254 341.046131385973 268.077812167077 340.400691505145 204 
4253 341.04813903133 107.937507554631 340.411258059658 204 
14405 341.049241888192 98.6184332276283 340.417062569458 204 
14405 341.051396463161 304.915583751398 340.428402437714 205 
14404 341.055734908924 507.639314740379 340.451236362767 205 
14403 341.059654972688 226.556106275851 340.471868277297 205 
14403 341.062340369943 276.396521180314 340.486001947057 206 
15018 305.16291821313 272.850667265586 304.943060710444 207 
14724 305.173068270543 133.875115645743 304.976894235149 207 
14723 305.178204597494 71.9440748290201 304.99401532498 207 
14948 314.162947854686 332.862827256644 314.004963876707 208 
14947 315.984297649076 216.809253258008 315.664508108498 208 
14638 317.076349794391 112.765316434249 316.659544231791 208 
2962 318.714537523961 280.649287175937 317.714537523961 209 
13398 317.547818100827 500.252975689167 316.547818100827 209 
2961 318.042261398262 502.043753691495 317.042261398262 209 
2960 318.541492878028 537.010570073406 317.541492878028 209 
2959 319.325095069107 224.402573789141 318.325095069107 209 
3242 320.296074364214 399.679176014972 319.296074364214 209 
13686 319.509344187595 396.758505642681 318.509344187595 209 
3537 320.09764571993 238.108406663441 319.09764571993 209 
3536 321.080223312404 532.549499141668 320.080223312404 209 
3852 320.480357351353 131.940937100148 319.480357351353 209 
14303 320.688153667042 615.531697663056 319.688153667042 209 
4154 321.472278871639 51.6939697184143 320.472278871639 209 
4153 320.875098012295 655.304402035541 319.875098012295 209 
4152 321.864334430874 60.3241854195548 320.864334430874 209 
4446 321.267064546332 604.288397375131 320.267064546332 209 
4445 322.257319616926 145.124493148035 321.257319616926 209 
4732 321.65912010557 529.086219769947 320.65912010557 209 
4731 322.649809511312 210.693711188453 321.649809511312 209 
5032 322.051060067944 463.145132981934 321.051060067944 209 
5031 323.032110979462 276.955865414575 322.032110979462 209 
5324 322.442965369434 396.882978764426 321.442965369434 209 
5323 323.243668588911 343.218019621698 322.243668588911 209 
5608 322.835455263819 330.203926994426 321.835455263819 209 
5607 324.198874427113 413.666647841014 323.198874427113 209 
5899 323.919393763653 255.860718602948 322.919393763653 209 
5898 324.598679688935 490.118177789842 323.598679688935 209 
6206 323.401653135961 529.825370241804 322.401653135961 209 
6526 324.459117768021 233.152544372059 323.459117768021 209 
17093 318.330369146354 336.615286543488 317.330369146353 209 
18583 324.756882152995 502.461628173827 323.756882152995 209 
18844 325.03493242267 500.320618550068 324.03493242267 209 
19087 325.312389035744 500.320618558866 324.312389035744 209 
19323 325.58984564882 500.320618560393 324.58984564882 209 
19553 325.867302261897 500.320618558866 324.867302261897 209 
19775 326.14475887497 500.320618550068 325.14475887497 209 
19990 326.422215488046 500.320618567664 325.422215488046 209 
20183 326.699672101123 500.320618550068 325.699672101123 209 
20367 326.921276616275 298.891242846063 325.921276616275 209 
20366 327.060004922813 201.429375712802 326.060004922813 209 
20533 327.254585327273 500.320618560393 326.254585327273 209 
20680 327.531938181463 499.946414393404 326.531938181463 209 
20799 327.809183559294 499.933007410905 326.809183559294 209 
31637 328.086425219648 499.933007391794 327.086425219648 209 
31682 328.363412653717 499.01614584852 327.363412653717 209 
31708 328.640110891293 498.890026530158 327.640110891293 209 
31729 328.916796950509 498.972224858914 327.916796950509 209 
31751 329.193409229259 498.623938885663 328.193409229259 209 
1123 333.323370392145 36.6326979647315 333.223370392145 210 Arbach
31788 329.746122553048 498.280310640067 328.746122553048 209 
758 334.42768401779 478.071333594012 334.32768401779 211 Arbach
31805 330.022261359215 497.608284535581 329.022261359215 209 
8959 333.32 0.0 333.22 212 
31821 330.298213944288 497.6087083224 329.298213944288 209 
6429 324.983673927488 0.0 324.883673927488 213 
6114 325.663777077238 0.0 325.563777077238 213 
6114 325.918337960932 188.173998701846 325.818337960932 214 Arbach
6113 325.982684096924 479.62303446163 325.882684096924 214 Arbach
5804 326.095419319347 690.365588881706 325.995419319347 214 Arbach
5804 326.197292050619 366.889934776608 326.097292050619 215 Arbach
5519 326.283624931904 529.089926314048 326.183624931904 215 Arbach
5519 326.375299625535 422.328328768012 326.275299625535 216 Arbach
5519 326.430752822495 153.176009460494 326.330752822495 217 Arbach
5519 326.445897752112 4.0010907538218 326.345897752112 218 Arbach
5518 326.455064045785 91.1285332005369 326.355064045785 218 Arbach
15763 326.481586620823 184.128040475041 326.381586620823 218 Arbach
15763 326.532476743255 344.019800187172 326.432476743255 219 Arbach
15763 326.601275983165 369.992433627185 326.501275983165 220 Arbach
15763 326.638598144559 17.3444012236715 326.538598144559 221 Arbach
15762 326.661041803049 215.580362979306 326.561041803049 221 Arbach
15762 326.70491326637 239.726433541836 326.60491326637 222 Arbach
15762 326.75421834544 271.9715109424 326.65421834544 223 Arbach
15762 326.81396427927 348.083706676905 326.71396427927 224 Arbach
15762 326.854301671798 70.5457982849551 326.754301671798 225 Arbach
15761 326.902956541388 434.404142531391 326.802956541388 225 Arbach
15761 326.960984332202 167.819844193239 326.860984332202 226 Arbach
15460 327.034250953182 592.555761415808 326.934250953182 226 Arbach
15460 327.09295151637 16.6503912137408 326.99295151637 227 Arbach
15460 327.108291442959 142.550426472292 327.008291442959 228 Arbach
15459 327.147026914339 259.454021288558 327.047026914339 228 Arbach
15459 327.22478484625 547.533304913609 327.12478484625 229 Arbach
15459 327.28969529743 126.12030384936 327.18969529743 230 Arbach
15459 327.310700189605 91.872656587311 327.210700189605 231 Arbach
15459 327.323746580322 43.5253883830369 327.223746580322 232 Arbach
15458 327.336234198442 86.0736031144832 327.236234198442 232 Arbach
15458 327.35271472749 84.9646144010513 327.25271472749 233 Arbach
15458 327.364060962055 32.7888709200682 327.264060962055 234 Arbach
15458 327.39103472035 247.150172570751 327.29103472035 235 Arbach
15458 327.441768581875 279.375961220228 327.341768581875 236 Arbach
15458 327.472326780265 37.7631164940571 327.372326780265 237 Arbach
15458 327.500156862081 251.063023301476 327.400156862081 238 Arbach
15457 327.578873949431 565.878609389298 327.478873949431 238 Arbach
15457 327.67520844504 433.899999983609 327.57520844504 239 Arbach
15457 327.718895684458 19.4948841116497 327.618895684458 240 Arbach
15456 327.740885093113 208.715584710146 327.640885093113 240 Arbach
15456 327.784094764835 239.723006633205 327.684094764835 241 Arbach
15456 327.819925530015 132.135820861186 327.719925530015 242 Arbach
15456 327.845473420755 133.005284773039 327.745473420755 243 Arbach
15456 327.883048046355 256.951673993521 327.783048046355 244 Arbach
15456 328.015114378365 43.4400351274069 327.915114378365 245 Arbach
15455 327.911992538178 1026.77898999919 327.811992538178 245 Arbach
4939 328.182141724191 62.4227955980722 328.082141724191 245 Arbach
15134 328.120065318153 581.818527413361 328.020065318153 245 Arbach
15134 328.27931886747 426.705247559529 328.17931886747 246 Arbach
15134 328.325488277843 52.4501018155053 328.225488277843 247 Arbach
15133 328.371760105438 427.768153895453 328.271760105438 247 Arbach
15133 328.444125769134 323.257137278308 328.344125769134 248 Arbach
14829 328.503318536494 291.057208364686 328.403318536494 248 Arbach
14829 328.56000208049 297.215916785329 328.46000208049 249 Arbach
14829 328.591881797545 33.6381452466667 328.491881797545 250 Arbach
14829 328.602945311075 81.1812047790307 328.502945311075 251 Arbach
14829 328.612830852548 21.4129163101443 328.512830852548 252 Arbach
14828 328.632400302998 181.682743597275 328.532400302998 252 Arbach
14828 328.689767147522 413.681810691902 328.589767147522 253 Arbach
14520 328.742304951267 131.565995232221 328.642304951267 253 Arbach
14520 328.842607264505 909.391416871018 328.742607264505 254 Arbach
14520 328.94100282278 111.777311934269 328.84100282278 255 Arbach
14519 328.956089716431 44.7974794606663 328.856089716431 255 Arbach
14202 328.990908375166 316.557505489386 328.890908375166 255 Arbach
14202 329.03293775483 119.631779465206 328.93293775483 256 Arbach
14202 329.105860472625 637.174730241756 329.005860472625 257 Arbach
14202 329.180754800904 140.093546314628 329.080754800904 258 Arbach
13884 329.202091506874 81.343043903467 329.102091506874 258 Arbach
13884 329.22738020314 181.108089759089 329.12738020314 259 Arbach
13884 329.278379719685 348.175064798833 329.178379719685 260 Arbach
13884 329.316333716942 45.7190887032584 329.216333716942 261 Arbach
3438 329.362282279063 431.144253431935 329.262282279063 261 Arbach
3149 329.411849935691 83.2787733267308 329.311849935691 261 Arbach
3149 329.4697086602 517.190609565405 329.3697086602 262 Arbach
3149 329.559436452351 414.022313606685 329.459436452351 263 Arbach
2877 329.654899133801 576.708434548889 329.554899133801 263 Arbach
2877 329.751902882589 430.015817784445 329.651902882589 264 Arbach
2626 329.793965235859 6.51567377290217 329.693965235859 264 Arbach
2626 329.865864699265 739.671297829726 329.765864699265 265 Arbach
2626 329.961801767128 255.98272714084 329.861801767128 266 Arbach
2390 330.010404411748 248.425212539483 329.910404411748 266 Arbach
2390 330.07341227141 405.482921971814 329.97341227141 267 Arbach
2390 330.146413751105 352.140994494695 330.046413751105 268 Arbach
2390 330.18250551403 22.426519677201 330.08250551403 269 Arbach
2137 330.18694866875 23.6854261947317 330.08694866875 269 Arbach
2137 330.21078439525 223.686497453777 330.11078439525 270 Arbach
2137 330.23933056274 72.5713222750511 330.13933056274 271 Arbach
2137 330.249529576105 33.2760726088326 330.149529576105 272 Arbach
2136 330.2742054132 222.814686340896 330.1742054132 272 Arbach
2136 330.323325960585 286.968151551501 330.223325960585 273 Arbach
2136 330.372180140055 220.050266984196 330.272180140055 274 Arbach
2136 330.400230181542 71.0586581333143 330.300230181542 275 Arbach
1880 330.424999739837 186.004758169057 330.324999739837 275 Arbach
1880 330.480633335385 391.371792537442 330.380633335385 276 Arbach
1880 330.539403162078 218.553190509898 330.439403162078 277 Arbach
1879 330.562646025323 22.6658800559318 330.462646025323 277 Arbach
1879 330.58639711742 223.827690906926 330.48639711742 278 Arbach
1879 330.651250940577 449.238220952962 330.551250940577 279 Arbach
1658 330.698850174027 44.7561174814583 330.598850174027 279 Arbach
1658 330.743382036315 417.404431232081 330.643382036315 280 Arbach
1658 330.788212481243 47.8548676703882 330.688212481243 281 Arbach
1657 330.835064776318 438.387595324957 330.735064776318 281 Arbach
1657 330.923335303235 477.701538613292 330.823335303235 282 Arbach
1657 330.979687674827 107.134613265566 330.879687674827 283 Arbach
1656 331.024668065597 359.680853490913 330.924668065597 283 Arbach
1656 331.121108338037 641.195528901856 331.021108338037 284 Arbach
1655 331.204852474367 227.917820682243 331.104852474367 284 Arbach
1655 331.301029429456 770.225801740145 331.201029429456 285 Arbach
1654 331.403428598106 292.493194051902 331.303428598106 285 Arbach
1654 331.499618161067 705.781275424369 331.399618161067 286 Arbach
1653 331.570270956057 27.4675227355055 331.470270956057 286 Arbach
1653 331.62532003597 543.842808161666 331.52532003597 287 Arbach
1653 331.70368021213 269.394728982165 331.60368021213 288 Arbach
1653 331.747243858952 182.717486523188 331.647243858952 289 Arbach
1652 331.772743805747 81.9260473009302 331.672743805747 289 Arbach
1652 331.809209432485 296.521500063655 331.709209432485 290 Arbach
1652 331.85105672831 137.778082438837 331.75105672831 291 Arbach
1652 331.88812750121 246.949792464838 331.78812750121 292 Arbach
1652 331.91512365536 33.2216796719088 331.81512365536 293 Arbach
1652 331.94148145899 240.324863469337 331.84148145899 294 Arbach
1652 331.967637426054 31.1269795473022 331.867637426054 295 Arbach
1482 331.971031040534 4.0926283849098 331.871031040534 295 Arbach
1481 331.98962043497 188.831814740602 331.88962043497 295 Arbach
1481 332.054717087575 486.754229565315 331.954717087575 296 Arbach
1481 332.139186141792 389.882462470638 332.039186141792 297 Arbach
1480 332.182482691412 59.4577649685639 332.082482691412 297 Arbach
1480 332.23747568172 511.270456811159 332.13747568172 298 Arbach
1480 332.322648970825 372.674925378165 332.222648970825 299 Arbach
1480 332.37362091246 156.32205130703 332.27362091246 300 Arbach
1479 332.40069091234 124.615806572206 332.30069091234 300 Arbach
1479 332.418000184075 55.0232678055817 332.318000184075 301 Arbach
1479 332.437512617741 147.480660531225 332.337512617741 302 Arbach
1340 332.455971960161 44.0940768495387 332.355971960161 302 Arbach
1340 332.48635442249 271.221176992338 332.38635442249 303 Arbach
1340 332.541167000725 297.634692283584 332.441167000725 304 Arbach
1340 332.595919476063 270.597417158682 332.495919476063 305 Arbach
1339 332.675371051548 553.966879901401 332.575371051548 305 Arbach
1339 332.753426486028 256.107987312019 332.653426486028 306 Arbach
1222 332.790075323518 124.240957738903 332.690075323518 306 Arbach
1222 332.80967651234 79.1840893200616 332.70967651234 307 Arbach
1222 332.838312324758 218.004083401205 332.738312324758 308 Arbach
1221 332.915225381443 580.214959217308 332.815225381443 308 Arbach
1221 333.016137375775 467.069844868522 332.916137375775 309 Arbach
1221 333.07594540659 153.629827641278 332.97594540659 310 Arbach
1220 333.104041301001 137.954968286908 333.004041301001 310 Arbach
1123 333.191572062126 770.456728696815 333.091572062126 310 Arbach
1123 333.292905029035 281.19701278623 333.192905029035 311 Arbach
1123 333.342059566294 166.499413100806 333.242059566294 312 Arbach
1122 333.364341111299 75.678076291811 333.264341111299 312 Arbach
1122 333.380414219355 99.0200855641903 333.280414219355 313 Arbach
1025 333.45947606605 760.30091462986 333.35947606605 313 Arbach
1025 333.568450475728 424.138895906592 333.468450475728 314 Arbach
1024 333.634456199084 293.275464928912 333.534456199084 314 Arbach
934 333.690279527371 313.466728722362 333.590279527371 314 Arbach
934 333.763696688255 484.502339341928 333.663696688255 315 Arbach
934 333.823075076665 160.879703410931 333.723075076665 316 Arbach
933 333.86154461055 257.244584315525 333.76154461055 316 Arbach
933 333.948921991183 692.457721649504 333.848921991183 317 Arbach
845 334.018739351378 66.3852133630534 333.918739351378 317 Arbach
845 334.035919507877 120.345427045409 333.935919507877 318 Arbach
844 334.081816120172 378.503568141483 333.981816120172 318 Arbach
844 334.158512522275 455.107480944686 334.058512522275 319 Arbach
844 334.22558467927 273.897917326938 334.12558467927 320 Arbach
844 334.25172921856 10.2663489236481 334.15172921856 321 Arbach
844 334.262078144277 102.215835195379 334.162078144277 322 Arbach
759 334.295260283627 258.439909230329 334.195260283627 322 Arbach
758 334.321407384486 25.7521986057738 334.221407384486 322 Arbach
758 334.33688835803 142.510069817169 334.23688835803 323 Arbach
758 334.575598637235 432.202637654701 334.475598637235 324 Arbach
758 334.667080291427 130.780040944019 334.567080291427 325 Arbach
675 334.71714501425 177.320769076472 334.61714501425 325 Arbach
674 334.770974127357 153.946287168201 334.670974127358 325 Arbach
674 334.862654019695 410.256358878005 334.762654019695 326 Arbach
674 334.994970837477 404.027960243503 334.894970837477 327 Arbach
592 335.068574699807 48.9338924387759 334.968574699807 327 Arbach
592 335.14285636079 408.199167084706 335.04285636079 328 Arbach
592 335.226022500005 103.609416160337 335.126022500005 329 Arbach
592 335.25451385948 71.7278360476912 335.15451385948 330 Arbach
592 335.300959159835 214.098866932026 335.200959159835 331 Arbach
592 335.34226719368 40.1128408227736 335.24226719368 332 Arbach
592 335.361344868984 77.2921278339293 335.261344868984 333 Arbach
591 335.381480426564 46.6231013195582 335.281480426564 333 Arbach
591 335.420494468115 193.47126307033 335.320494468115 334 Arbach
591 335.517827584633 405.521607546216 335.417827584633 335 Arbach
513 335.651207772512 415.30674438367 335.551207772512 335 Arbach
512 335.838816374064 739.245979442792 335.738816374064 335 Arbach
512 336.009100542061 308.691313196018 335.909100542061 336 Arbach
511 336.184561612551 771.104896505784 336.084561612551 336 Arbach
511 336.355074590136 278.240501798693 336.255074590136 337 Arbach
510 336.444495381771 272.059525464021 336.344495381771 337 Arbach
510 336.558902930166 432.010253498191 336.458902930166 338 Arbach
434 336.685850676754 349.232532788066 336.585850676754 338 Arbach
433 336.871046762438 790.473447649384 336.771046762438 338 Arbach
433 337.041883251063 260.862853778641 336.941883251063 339 Arbach
432 337.177581119768 574.228621964236 337.077581119768 339 Arbach
432 337.28805207628 105.615173535679 337.18805207628 340 Arbach
432 337.349233617875 270.899095607693 337.249233617875 341 Arbach
432 337.396149133475 17.8213355276219 337.296149133475 342 Arbach
432 337.411022599109 73.7107164057983 337.311022599109 343 Arbach
431 337.445733350894 139.900987382774 337.345733350894 343 Arbach
431 337.501785021705 205.043800214859 337.401785021705 344 Arbach
431 337.599980286135 399.254771803798 337.499980286135 345 Arbach
431 337.7081401198 266.366258005469 337.6081401198 346 Arbach
430 337.793971980625 261.847309426291 337.693971980625 346 Arbach
430 337.956315277616 737.221465601751 337.856315277616 347 Arbach
429 338.086945831186 66.6854991759475 337.986945831186 347 Arbach
429 338.174803690971 473.996167260587 338.074803690971 348 Arbach
364 338.280481365796 176.349532821697 338.180481365796 348 Arbach
364 338.357398419709 297.001866681312 338.257398419709 349 Arbach
363 338.431524082259 159.171170662173 338.331524082259 349 Arbach
363 338.54147739045 517.486991147776 338.44147739045 350 Arbach
363 338.647596890315 135.577722357917 338.547596890315 351 Arbach
363 338.710341653829 250.556692716341 338.610341653829 352 Arbach
362 338.829185741424 480.815770525554 338.729185741424 352 Arbach
362 338.923005824 96.5577133967213 338.823005824 353 Arbach
362 338.94706972214 51.5327201643895 338.84706972214 354 Arbach
362 338.98164044159 161.217217601484 338.88164044159 355 Arbach
362 339.01227439697 27.3056770520861 338.91227439697 356 Arbach
362 339.025191616575 52.1875388997826 338.925191616575 357 Arbach
362 339.055154586155 132.206075568093 338.955154586155 358 Arbach
362 339.084187948133 46.4666871882657 338.984187948133 359 Arbach
361 339.131183234008 242.744654211839 339.031183234008 359 Arbach
361 339.294143859987 760.12319428669 339.194143859987 360 Arbach
360 339.419617425627 12.0474086489235 339.319617425627 360 Arbach
360 339.524426393545 632.952225676438 339.424426393545 361 Arbach
360 339.684848599665 354.29406000773 339.584848599665 362 Arbach
359 339.75363188818 69.0017401376519 339.65363188818 362 Arbach
359 339.81618821017 315.972996333028 339.71618821017 363 Arbach
359 339.902541205855 215.447661100199 339.802541205855 364 Arbach
359 339.97055326091 203.101929759164 339.87055326091 365 Arbach
359 340.045894272269 260.55042500039 339.945894272269 366 Arbach
358 340.09397050026 35.3130882788487 339.99397050026 366 Arbach
297 340.105481880266 35.5285204220408 340.005481880266 366 Arbach
297 340.16265531337 316.319648451567 340.06265531337 367 Arbach
297 340.25572187955 256.416657842988 340.15572187955 368 Arbach
297 340.35226571096 337.718912724281 340.25226571096 369 Arbach
297 340.424884473145 109.180584354498 340.324884473145 370 Arbach
297 340.454936165423 75.7590340135321 340.354936165423 371 Arbach
241 340.512327027853 277.427205813722 340.412327027853 371 Arbach
241 340.60685557871 304.306227364651 340.50685557871 372 Arbach
241 340.707444183795 314.72108284047 340.607444183795 373 Arbach
241 340.775796455475 105.922218136 340.675796455475 374 Arbach
189 340.85092051085 356.394978636887 340.75092051085 374 Arbach
189 341.010908939425 628.181818282146 340.910908939425 375 Arbach
189 341.116359433895 20.7658025072204 341.016359433895 376 Arbach
142 341.19657190229 472.865742685859 341.09657190229 376 Arbach
142 341.32801636437 336.050055814577 341.22801636437 377 Arbach
142 341.40872242041 160.619052414921 341.30872242041 378 Arbach
142 341.441081582799 38.5208525207754 341.341081582799 379 Arbach
102 341.454173446374 42.047131177956 341.354173446374 379 Arbach
102 341.47192986868 67.2267804068404 341.37192986868 380 Arbach
102 341.514960837445 197.587955094787 341.414960837445 381 Arbach
102 341.562699933535 96.2008315890045 341.462699933535 382 Arbach
102 341.586300394395 49.0375857339381 341.486300394395 383 Arbach
102 341.617581503975 143.46792825547 341.517581503975 384 Arbach
102 341.710051446605 425.596726850021 341.610051446605 385 Arbach
69 341.850869418415 441.004119670158 341.750869418415 385 Arbach
69 342.013230939642 558.176808235963 341.913230939642 386 Arbach
40 342.145963258082 258.664522767881 342.045963258082 386 Arbach
40 342.250042784925 381.846094645964 342.150042784925 387 Arbach
40 342.369728367966 354.704973694563 342.269728367966 388 Arbach
16 342.433850677496 39.906928500341 342.333850677496 388 Arbach
16 342.450867837625 64.8175266280607 342.350867837625 389 Arbach
16 342.533432002335 443.286475351461 342.433432002335 390 Arbach
16 342.680844140945 463.895203694031 342.580844140945 391 Arbach
2 342.7920264763 220.326452798365 342.6920264763 391 Arbach
2 342.87647370134 299.365996741184 342.77647370134 392 Arbach
2 342.98289057813 355.528789251386 342.88289057813 393 Arbach
2 343.069338110236 176.473650046316 342.969338110236 394 Arbach
