2 342.98289057813 35.2 342.88289057813 210 Arbach
2959 319.325095069107 300 318.325095069107 209 Steinlach
6059 326.5 1000 325.27 189 Neckar
6514 324.057407119084 38 323.909150599758 666 Muehlgraben
7052 326.705887775236 114 326.505560676612 396 Buehlertalbach
8181 323.466145779588 232.5 323.366145779588 444 Landgraben
16620 331.519140804595 300 327 189 Neckar
17203 340.971456928978 272.870710755545 338.7 189 Neckar
17544 338.924754000962 20 336 189 Neckar
18657 305.153000000001 526.794978810148 302.3 189 Neckar
28308 331.832734141465 499.152299074839 328.57 189 Neckar
16 342.680844140945 35.2 342.580844140945 210 Arbach
2960 318.541492878028 300 317.541492878028 209 Steinlach
6843 324.272156029812 38 324.121201462623 666 Muehlgraben
7053 326.702547376624 114 326.5024058557 396 Buehlertalbach
8417 323.667644547953 232.5 323.567644547953 444 Landgraben
16086 323.148207110116 466.297353791625 321 189 Neckar
17204 340.97473441503 340.975236235561 338.7 189 Neckar
18658 305.154000000001 526.794978810148 302.2 189 Neckar
28307 331.836598772364 499.152299074839 328.57 189 Neckar
28312 331.818508973978 165.929242187914 328.57 189 Neckar
28932 331.764651744814 200 327.7 189 Neckar
40 342.250042784925 35.2 342.150042784925 210 Arbach
2961 318.042261398262 300 317.042261398262 209 Steinlach
6383 331.731080295961 300 327 189 Neckar
7141 324.573869710463 38 324.419124493308 666 Muehlgraben
8649 323.309434638307 232.5 323.209434638307 444 Landgraben
8811 331.732179418736 114 331.530391673252 396 Buehlertalbach
16085 324.1402660868 270.238812605752 320 189 Neckar
18659 305.155000000001 117.074951072014 302.3 189 Neckar
28306 331.839265543907 189.723395030486 328.57 189 Neckar
28311 331.821102161987 499.152299074839 328.57 189 Neckar
28599 334.7668873535 389.100220178046 328.87 189 Neckar
69 342.013230939642 35.2 341.913230939642 210 Arbach
2962 318.714537523961 300 317.714537523961 209 Steinlach
7426 324.891858917273 38 324.733118568795 666 Muehlgraben
8875 324.263239345281 232.5 324.163239345281 444 Landgraben
10314 336.949501383162 114 336.735640195213 396 Buehlertalbach
16084 324.141320331028 502.581799293913 320 189 Neckar
16882 340.978493113974 362.997893430497 338.7 189 Neckar
18902 305.156000000001 70.4993551460431 302.3 189 Neckar
28310 331.824082666714 499.152299074839 328.57 189 Neckar
28598 334.7668873535 189.200866561946 329.87 189 Neckar
28931 331.77138784533 200 327.9 189 Neckar
102 341.710051446605 35.2 341.610051446605 210 Arbach
3242 320.296074364214 300 319.296074364214 209 Steinlach
6382 331.733288154947 300 327 189 Neckar
7693 325.249824696087 38 325.086586961332 666 Muehlgraben
9095 324.554101548931 232.5 324.454101548931 444 Landgraben
10334 337.232143376009 114 337.002579855116 396 Buehlertalbach
16083 324.141842018511 27.24608525904 320 189 Neckar
16883 340.982257766066 342.090211268735 338.7 189 Neckar
18903 305.157000000001 514.864754394476 302.3 189 Neckar
28309 331.828869510566 499.152299074839 328.57 189 Neckar
142 341.19657190229 35.2 341.09657190229 210 Arbach
3536 321.080223312404 300 320.080223312404 209 Steinlach
6381 331.736738519997 300 327 189 Neckar
7694 325.067982798564 38 324.907029676761 666 Muehlgraben
9309 324.968756792415 232.5 324.868756792415 444 Landgraben
10350 337.93988737587 114 337.671004743878 396 Buehlertalbach
16386 324.142336878524 475.335714033843 320 189 Neckar
16562 340.98601646501 20 338.75 189 Neckar
18904 305.158000000001 499.744451728438 302.3 189 Neckar
28930 331.775978197279 250 328 189 Neckar
189 341.010908939425 35.2 340.910908939425 210 Arbach
3537 320.09764571993 300 319.09764571993 209 Steinlach
8203 326.200741320414 38 326.02555652359 666 Muehlgraben
9501 325.142968353735 232.5 325.042968353735 444 Landgraben
10351 337.771867425145 114 337.512319234863 396 Buehlertalbach
16385 324.14329977108 502.581799293913 321 189 Neckar
16561 340.989379391867 30 338.75 189 Neckar
17285 331.73948231525 200 327 189 Neckar
18905 305.159000000001 6.01377792947598 302.3 189 Neckar
241 340.707444183795 35.2 340.607444183795 210 Arbach
3852 320.480357351353 300 319.480357351353 209 Steinlach
8439 325.920522798563 38 325.74885859228 666 Muehlgraben
9684 324.820517777874 232.5 324.720517777874 444 Landgraben
10352 337.512915022684 114 337.267753076978 396 Buehlertalbach
16384 324.144289491107 502.581799292883 321 189 Neckar
16561 340.991224162641 30 338.75 189 Neckar
17283 331.73948231525 200 327.1 189 Neckar
18906 305.160000000001 144.553651702368 302.3 189 Neckar
297 340.16265531337 35.2 340.06265531337 210 Arbach
4152 321.864334430874 300 320.864334430874 209 Steinlach
9848 325.874389813203 232.5 325.774389813203 444 Landgraben
10367 338.228928478819 114 337.943988007771 396 Buehlertalbach
16257 340.993487442958 50 338.75 189 Neckar
16383 324.145279211133 502.581799293913 322 189 Neckar
17284 331.742185689442 200 327.1 189 Neckar
17851 305.161000000001 464.677428978788 302 189 Neckar
18570 325.558777700096 38 325.391658362453 666 Muehlgraben
297 340.35226571096 35.2 340.25226571096 210 Arbach
4153 320.875098012295 300 319.875098012295 209 Steinlach
9993 325.9 232.5 325.8 444 Landgraben
10368 338.081767339539 114 337.80500248734 396 Buehlertalbach
16256 340.997367430362 50 338.75 189 Neckar
16382 324.146268931159 502.581799292883 322 189 Neckar
17179 305.162000000001 394.944491462504 302.6 189 Neckar
17615 331.747737359279 200 327.1 189 Neckar
18571 325.713979163184 38 325.54490991588 666 Muehlgraben
358 340.09397050026 35.2 339.99397050026 210 Arbach
4154 321.472278871639 300 320.472278871639 209 Steinlach
10114 326.08 232.5 325.98 444 Landgraben
10213 330.063781549984 76 329.791221869569 666 Muehlgraben
10381 338.8 114 338.6 396 Buehlertalbach
15962 341.001021696918 150 338.75 189 Neckar
16381 324.147440946774 320.958272683021 322 189 Neckar
16858 305.163000000001 460.650525162626 302.6 189 Neckar
17614 331.750716201895 200 327.2 189 Neckar
359 339.81618821017 35.2 339.71618821017 210 Arbach
4445 322.257319616926 300 321.257319616926 209 Steinlach
10257 330.285325495458 76 329.998988088107 666 Muehlgraben
14886 318.5 232.5 318.4 444 Landgraben
15961 341.004901684322 150 338.75 189 Neckar
16380 324.148254559697 505.350249285145 322 189 Neckar
17613 331.753865401791 200 327.3 189 Neckar
17948 326.8 114 326.7 396 Buehlertalbach
18651 305.164000000001 529.538576758174 302.4 189 Neckar
360 339.524426393545 35.2 339.424426393545 210 Arbach
4446 321.267064546332 300 320.267064546332 209 Steinlach
10282 330.67596243024 76 330.36533147243 666 Muehlgraben
15192 318.5 232.5 318.4 444 Landgraben
15657 341.008555950878 261.797463999018 338.75 189 Neckar
16379 324.14907434979 327.231832111588 322 189 Neckar
17909 331.756007008881 200 327.4 189 Neckar
18221 328 114 327.8 396 Buehlertalbach
18652 305.165000000001 459.039221607499 302.4 189 Neckar
361 339.294143859987 35.2 339.194143859987 210 Arbach
4731 322.649809511312 300 321.649809511312 209 Steinlach
10302 330.945733923414 76 330.618325987294 666 Muehlgraben
15343 341.013056784503 140.996033823865 338.75 189 Neckar
15510 318.9 232.5 318.8 444 Landgraben
16695 324.149571935719 178.118417177394 321.9 189 Neckar
17908 331.75981636045 200 327.5 189 Neckar
18486 329 114 328.8 396 Buehlertalbach
18656 305.166000000001 382.24132710778 302.3 189 Neckar
362 338.829185741424 35.2 338.729185741424 210 Arbach
4732 321.65912010557 300 320.65912010557 209 Steinlach
10303 331.138952692358 76 330.799528560393 666 Muehlgraben
15656 341.016073612905 424.030897660263 338.75 189 Neckar
15819 319.35 232.5 319.2 444 Landgraben
16694 324.163668474729 375.534297812967 322 189 Neckar
18400 305.167000000001 526.794978810148 302.2 189 Neckar
18747 330 114 329.8 396 Buehlertalbach
28654 331.76260147807 200 327.6 189 Neckar
363 338.54147739045 35.2 338.44147739045 210 Arbach
5031 323.032110979462 300 322.032110979462 209 Steinlach
10304 331.49057916291 76 331.129287525227 666 Muehlgraben
15342 341.02023450079 638.303747449498 338.75 189 Neckar
16116 319.8 232.5 319.7 444 Landgraben
16693 324.192719043448 422.615103785612 322.1 189 Neckar
18180 331.768018750636 200 327.8 189 Neckar
18401 305.168000000001 89.5962504516874 302.2 189 Neckar
18989 331.3 114 331 396 Buehlertalbach
364 338.357398419709 35.2 338.257398419709 210 Arbach
5032 322.051060067944 300 321.051060067944 209 Steinlach
10326 331.853511128707 76 331.469648901201 666 Muehlgraben
15341 341.025068166052 18.3223173481653 338.8 189 Neckar
16419 320.25 232.5 320.1 444 Landgraben
16692 324.232304556515 503.487194387263 322.1 189 Neckar
18650 305.169000000001 224.487441603753 302.4 189 Neckar
19224 331.4 114 331.2 396 Buehlertalbach
28933 331.846664662565 397.599035502153 328.58 189 Neckar
429 338.174803690971 35.2 338.074803690971 210 Arbach
5323 323.243668588911 300 322.243668588911 209 Steinlach
10344 332.136989869934 76 331.735498215994 666 Muehlgraben
15033 341.028228086247 361.469817202341 338.8 189 Neckar
16691 324.268955813313 503.487194396246 322.2 189 Neckar
16735 320.7 232.5 320.6 444 Landgraben
18389 305.170000000001 548.588541867079 302.4 189 Neckar
28929 331.778658109548 178.253463913056 328.1 189 Neckar
430 337.956315277616 35.2 337.856315277616 210 Arbach
5324 322.442965369434 300 321.442965369434 209 Steinlach
10360 332.46214018999 76 332.040427571252 666 Muehlgraben
15032 341.031283279882 210.742604600057 338.8 189 Neckar
16690 324.305607070111 503.487194387263 322.2 189 Neckar
17058 321.15 232.5 321 444 Landgraben
18398 305.171000000001 409.720027738134 302.1 189 Neckar
29199 331.782579774449 332.373299579105 328.2 189 Neckar
431 337.599980286135 35.2 337.499980286135 210 Arbach
5607 324.198874427113 300 323.198874427113 209 Steinlach
10400 332.773318470648 76 332.332253802501 666 Muehlgraben
14737 341.034877439859 248.363003610455 338.8 189 Neckar
16689 324.333123315275 252.507458364203 322.2 189 Neckar
17402 321.6 232.5 321.5 444 Landgraben
18399 305.172000000001 526.794978819975 302.1 189 Neckar
29198 331.784538313215 332.373299579105 328.3 189 Neckar
432 337.177581119768 35.2 337.077581119768 210 Arbach
5608 322.835455263819 300 321.835455263819 209 Steinlach
14736 341.039991583381 368.255445220583 338.8 189 Neckar
16688 324.378594124952 499.147076498166 322.3 189 Neckar
17719 322.05 232.5 322 444 Landgraben
18133 305.173000000001 437.198728358461 302 189 Neckar
21029 333.087895278758 76 332.627267208176 666 Muehlgraben
29197 331.78778353584 505.926852589619 328.55 189 Neckar
433 336.871046762438 35.2 336.771046762438 210 Arbach
5898 324.598679688935 300 323.598679688935 209 Steinlach
14735 341.046131385973 268.077812167077 338.8 189 Neckar
16687 324.413033524076 447.057662817504 322.3 189 Neckar
18009 322.5 232.5 322.4 444 Landgraben
18134 305.174000000001 526.794978810148 302 189 Neckar
21044 333.373794845409 76 332.895386798255 666 Muehlgraben
29196 331.792367972914 324.620270261648 328.55 189 Neckar
434 336.685850676754 35.2 336.585850676754 210 Arbach
5899 323.919393763653 300 322.919393763653 209 Steinlach
14734 341.04813903133 107.937507554631 339 189 Neckar
16686 324.451261852967 499.080944205001 322.3 189 Neckar
18135 305.175000000001 526.794978819975 302.1 189 Neckar
18283 322.95 232.5 322.8 444 Landgraben
29195 331.79626285448 500 328.57 189 Neckar
510 336.558902930166 35.2 336.458902930166 210 Arbach
6206 323.401653135961 300 322.401653135961 209 Steinlach
16685 324.483120036602 376.206230015216 322.4 189 Neckar
18388 305.176000000001 130.901559442571 302.5 189 Neckar
18549 323.4 232.5 323.3 444 Landgraben
25120 341.051396463161 304.915583751398 338.8 189 Neckar
29194 331.798891799675 500 328.57 189 Neckar
511 336.184561612551 35.2 336.084561612551 210 Arbach
6526 324.459117768021 300 323.459117768021 209 Steinlach
16684 324.524087709756 502.115712896034 322.4 189 Neckar
18120 305.177000000001 542.817393487579 302.5 189 Neckar
25119 341.055734908924 507.639314740379 338.8 189 Neckar
28924 331.801665533501 4.26610397653678 328.57 189 Neckar
512 335.838816374064 35.2 335.738816374064 210 Arbach
7153 319.06 300 318.8 209 Steinlach
16683 324.556925174467 400.076704158614 322.4 189 Neckar
18119 305.178 197.44367361475 302.5 189 Neckar
25118 341.062340369943 276.396521180314 338.8 189 Neckar
28923 331.804326243682 500 328.57 189 Neckar
513 335.651207772512 35.2 335.551207772512 210 Arbach
7438 318.98 300 318.5 209 Steinlach
17000 324.575475726076 500 322.42 189 Neckar
17835 305.179 476.403110604891 302.5 189 Neckar
28922 331.807741702112 500 328.57 189 Neckar
592 335.14285636079 35.2 335.04285636079 210 Arbach
13398 317.547818100827 300 316.547818100827 209 Steinlach
16999 324.589099237536 500 322.42 189 Neckar
17834 305.18 263.532424053344 303.976598626631 189 Neckar
28634 331.809927754572 400 328.57 189 Neckar
674 334.862654019695 35.2 334.762654019695 210 Arbach
13686 319.509344187595 300 318.509344187595 209 Steinlach
16998 324.634561337472 500 322.42 189 Neckar
17521 305.181 410.544816044804 302.5 189 Neckar
28633 331.811846611135 500 328.57 189 Neckar
675 334.71714501425 35.2 334.61714501425 210 Arbach
14303 320.688153667042 300 319.688153667042 209 Steinlach
16997 324.671502028355 500 322.42 189 Neckar
17520 305.182 329.238457765072 302.6 189 Neckar
28632 331.816400309731 500 328.57 189 Neckar
758 334.42768401779 35.2 334.32768401779 210 Arbach
16859 305.183 279.132748635644 302.6 189 Neckar
16996 324.699986186898 500 322.45 189 Neckar
17093 318.330369146354 300 317.330369146353 209 Steinlach
759 334.295260283627 35.2 334.195260283627 210 Arbach
16995 324.714825648842 500 322.45 189 Neckar
17180 305.184 344.838782335766 302.6 189 Neckar
17437 319.111407960828 300 318.111407960828 209 Steinlach
844 334.158512522275 35.2 334.058512522275 210 Arbach
16542 305.185 187.304517529781 302.6 189 Neckar
16994 324.719034633293 500 322.45 189 Neckar
18318 318.935372817853 300 317.935372817853 209 Steinlach
845 334.035919507877 35.2 333.935919507877 210 Arbach
16244 305.186 393.505816089439 302.6 189 Neckar
17323 324.720651619319 345.967782421503 322.45 189 Neckar
18583 324.756882152995 300 323.756882152995 209 Steinlach
933 333.948921991183 35.2 333.848921991183 210 Arbach
15019 305.187 570.8497362313 302.6 189 Neckar
17322 324.722246606685 500.867518115792 322.45 189 Neckar
18844 325.03493242267 300 324.03493242267 209 Steinlach
934 333.763696688255 35.2 333.663696688255 210 Arbach
17321 324.724133342778 500.867518120495 322.46 189 Neckar
19087 325.312389035744 300 324.312389035744 209 Steinlach
27277 305.188 145.667482783118 302.6 189 Neckar
1024 333.634456199084 35.2 333.534456199084 210 Arbach
16243 305.189 578.576287724448 302.6 189 Neckar
17320 324.726020078872 500.867518115792 322.47 189 Neckar
19323 325.58984564882 300 324.58984564882 209 Steinlach
1025 333.45947606605 35.2 333.35947606605 210 Arbach
15951 305.19 2.23404589563594 302.6 189 Neckar
17319 324.727622989449 350.174496164007 322.47 189 Neckar
19553 325.867302261897 300 324.867302261897 209 Steinlach
28305 331.840572305853 499.356014168235 328.57 189 Neckar
1122 333.380414219355 35.2 333.280414219355 210 Arbach
15950 305.191 580.810333619221 302.6 189 Neckar
17318 324.729790053201 499.708059702426 322.48 189 Neckar
19775 326.14475887497 300 325.14475887497 209 Steinlach
28304 331.84099433043 325.308579548384 328.57 189 Neckar
1123 333.191572062126 35.2 333.091572062126 210 Arbach
15949 305.192 389.037724280484 302.6 189 Neckar
17317 324.731672421689 499.708059697998 322.48 189 Neckar
19990 326.422215488046 300 325.422215488046 209 Steinlach
28303 331.841529934747 372.490857853117 328.57 189 Neckar
1220 333.104041301001 35.2 333.004041301001 210 Arbach
15647 305.193 191.772609344236 302.6 189 Neckar
17316 324.733262638001 344.594119402107 322.48 189 Neckar
20183 326.699672101123 300 325.699672101123 209 Steinlach
28302 331.842118477516 514.544880500998 328.57 189 Neckar
1221 332.915225381443 35.2 332.815225381443 210 Arbach
15646 305.194 580.810333623857 302.6 189 Neckar
17315 324.735339833729 448.034736651868 322.49 189 Neckar
20366 327.060004922813 300 326.060004922813 209 Steinlach
28301 331.842424520275 57.9288742201408 328.57 189 Neckar
1222 332.838312324758 35.2 332.738312324758 210 Arbach
15645 305.195 199.499160831884 302.6 189 Neckar
17314 324.737324454756 501.875731665399 322.49 189 Neckar
20367 326.921276616275 300 325.921276616275 209 Steinlach
28621 331.842678125603 437.633103377345 328.58 189 Neckar
1339 332.675371051548 35.2 332.575371051548 210 Arbach
15331 305.196 381.311172787336 302.6 189 Neckar
17313 324.739214988725 501.87573166143 322.49 189 Neckar
20533 327.254585327273 300 326.254585327273 209 Steinlach
28620 331.843149228298 482.933450790371 328.58 189 Neckar
1340 332.541167000725 35.2 332.441167000725 210 Arbach
15330 305.197 580.81033362472 302.6 189 Neckar
17312 324.741141537112 489.063381518751 322.49 189 Neckar
20680 327.531938181463 300 326.531938181463 209 Steinlach
28619 331.843674375189 491.968879050202 328.58 189 Neckar
1479 332.437512617741 35.2 332.337512617741 210 Arbach
16543 305.198 580.81033362472 302.6 189 Neckar
17311 324.742201437192 73.6751214575784 322.5 189 Neckar
20799 327.809183559294 300 326.809183559294 209 Steinlach
28618 331.843939405458 406.614757728634 328.58 189 Neckar
1480 332.23747568172 35.2 332.13747568172 210 Arbach
15018 305.199 272.850667265586 302.8 189 Neckar
17643 324.743152840791 431.458755468015 322.5 189 Neckar
28906 331.844579472476 150.394727698123 328.575 189 Neckar
31637 328.086425219648 300 327.086425219648 209 Steinlach
1481 332.054717087575 35.2 331.954717087575 210 Arbach
14724 305.2 133.875115645743 302.9 189 Neckar
17642 324.745294825315 304.471518353872 322.5 189 Neckar
28905 331.84483941445 397.147100446395 328.575 189 Neckar
31682 328.363412653717 300 327.363412653717 209 Steinlach
1482 331.971031040534 35.2 331.871031040534 210 Arbach
14723 305.2 505.603866266175 303 189 Neckar
17641 324.746819692088 505.134274319811 322.5 189 Neckar
28904 331.845246687064 297.580017342912 328.575 189 Neckar
31708 328.640110891293 300 327.640110891293 209 Steinlach
1652 331.809209432485 35.2 331.709209432485 210 Arbach
14722 305.2 152.035486925383 303 189 Neckar
17640 324.748722500782 505.134274315966 322.5 189 Neckar
29174 331.845569733562 333.674704949717 328.58 189 Neckar
31729 328.916796950509 300 327.916796950509 209 Steinlach
1653 331.62532003597 35.2 331.52532003597 210 Arbach
14393 305.2 293.659194938589 303.1 189 Neckar
17639 324.75096275482 321.220091721789 322.5 189 Neckar
29173 331.845868821882 250.764114676507 328.58 189 Neckar
31751 329.193409229259 300 328.193409229259 209 Steinlach
1654 331.499618161067 35.2 331.399618161067 210 Arbach
14392 305.21 578.696317395357 303.1 189 Neckar
17638 324.752235400785 354.472739913633 322.5 189 Neckar
29436 331.84632452171 267.05922034197 328.58 189 Neckar
31770 329.193409229259 300 328.193409229259 209 Steinlach
1655 331.301029429456 35.2 331.201029429456 210 Arbach
14391 305.22 45.4011717043431 303.2 189 Neckar
17637 324.753925699604 250.151319309059 322.5 189 Neckar
31788 329.746122553048 300 328.746122553048 209 Steinlach
1656 331.121108338037 35.2 331.021108338037 210 Arbach
14063 305.23 467.574786726682 303.2 189 Neckar
17636 324.755970901629 336.191418368822 322.5 189 Neckar
29680 331.847049595515 354.58600721974 328.58 189 Neckar
31805 330.022261359215 300 329.022261359215 209 Steinlach
1657 330.923335303235 35.2 330.823335303235 210 Arbach
14062 305.24 175.83091101522 303.3 189 Neckar
17635 324.758176911679 502.1148055523 322.5 189 Neckar
29679 331.847389736371 310.072248605196 328.58 189 Neckar
31821 330.298213944288 300 329.298213944288 209 Steinlach
1658 330.743382036315 35.2 330.643382036315 210 Arbach
13400 317.455702383353 357.176452071128 315.19 189 Neckar
13774 305.25 443.960090458723 303.3 189 Neckar
17634 324.760111824684 514.131904066217 322.5 189 Neckar
29916 331.847665939812 229.647972157986 328.58 189 Neckar
1879 330.651250940577 35.2 330.551250940577 210 Arbach
13479 305.26 2.22817148334133 303.4 189 Neckar
17633 324.761832104337 230.887097642037 322.5 189 Neckar
29915 331.847879530944 305.122299685589 328.58 189 Neckar
1880 330.480633335385 35.2 330.380633335385 210 Arbach
13478 305.27 503.884688526665 303.4 189 Neckar
17301 324.76265579961 206.441905413276 322.5 189 Neckar
30147 331.8 275.712772405256 328.58 189 Neckar
2136 330.323325960585 35.2 330.223325960585 210 Arbach
13202 305.28 377.517501098948 303.5 189 Neckar
17300 324.763584697942 286.743129593546 322.5 189 Neckar
30146 332 432.213555109828 328.58 189 Neckar
2137 330.21078439525 35.2 330.11078439525 210 Arbach
12957 305.29 505.903113504133 303.5 189 Neckar
17299 324.76605485899 538.396434032221 322.5 189 Neckar
30145 332.2 426.061271278759 328.58 189 Neckar
2390 330.07341227141 35.2 329.97341227141 210 Arbach
12713 305.3 22.680881914509 303.5 189 Neckar
17298 324.767353287347 150.985181525866 322.5 189 Neckar
30368 332.2 300 328.58 189 Neckar
2626 329.865864699265 35.2 329.765864699265 210 Arbach
12712 305.31 483.222231582093 303.5 189 Neckar
16960 324.768566647048 1000 322.5 189 Neckar
30369 332.4 286.954180225807 328.58 189 Neckar
2877 329.654899133801 35.2 329.554899133801 210 Arbach
12436 305.32 295.248701855561 303.5 189 Neckar
16959 324.770251247668 1000 322.5 189 Neckar
30367 332.6 368.441972201367 328.58 189 Neckar
3149 329.4697086602 35.2 329.3697086602 210 Arbach
16630 324.771353990358 26.6406662048287 322.5 189 Neckar
22883 305.33 528.709009321493 303.7 189 Neckar
30366 332.8 424.894649682074 328.58 189 Neckar
5519 326.283624931904 35.2 326.183624931904 210 Arbach
16629 324.772771824474 1000 322.5 189 Neckar
22686 305.34 116.088598250003 303.7 189 Neckar
30365 333 117.009870915281 328.58 189 Neckar
5804 326.095419319347 35.2 325.995419319347 210 Arbach
16628 324.774253632799 1000 322.6 189 Neckar
22685 305.35 330.623983235038 303.76 189 Neckar
30141 333.2 292.282699136572 328.58 189 Neckar
6113 325.982684096924 35.2 325.882684096924 210 Arbach
16324 324.775575764905 9.5304786036263 322.7 189 Neckar
22514 305.36 469.413111033351 303.76 189 Neckar
30140 333.3 461.777610863765 328.58 189 Neckar
6114 325.918337960932 35.2 325.818337960932 210 Arbach
16323 324.776590845756 1000 322.8 189 Neckar
22366 305.37 560.77860901556 303.76 189 Neckar
30139 333.4 276.446733255131 328.58 189 Neckar
13884 329.278379719685 35.2 329.178379719685 210 Arbach
16322 324.77838801751 1000 322.9 189 Neckar
22235 305.38 271.078118108291 303.8 189 Neckar
29907 333.5 343.195922377605 328.86 189 Neckar
14202 329.105860472625 35.2 329.005860472625 210 Arbach
16321 324.840970052015 1000 323 189 Neckar
22234 305.39 353.654952844 303.8 189 Neckar
29906 333.6 269.122159701897 328.86 189 Neckar
14519 328.956089716431 35.2 328.856089716431 210 Arbach
16320 324.993062181327 1000 323.1 189 Neckar
22233 305.4 312.226836340774 303.9 189 Neckar
29669 333.7 316.660395875506 328.87 189 Neckar
14520 328.842607264505 35.2 328.742607264505 210 Arbach
16319 325.188705969305 2000 323.2 189 Neckar
22232 305.42 314.292180559157 304 189 Neckar
29668 333.8 369.742082022416 328.87 189 Neckar
14828 328.689767147522 35.2 328.589767147522 210 Arbach
16318 325.374052989078 2000 323.2 189 Neckar
22231 305.43 157.188129018572 304 189 Neckar
29423 333.9 354.284021867653 328.87 189 Neckar
14829 328.56000208049 35.2 328.46000208049 210 Arbach
16622 325.50625453076 43.9549031505878 323.27 189 Neckar
22230 305.44 268.228205629852 304.1 189 Neckar
29422 334 222.477711636082 328.87 189 Neckar
15133 328.371760105438 35.2 328.271760105438 210 Arbach
22229 305.45 501.071739518648 304.2 189 Neckar
29159 334.1 385.206813114905 328.87 189 Neckar
15134 328.120065318153 35.2 328.020065318153 210 Arbach
22228 305.46 1000 304.4 189 Neckar
29158 334.2 306.411208020254 328.87 189 Neckar
15455 327.911992538178 35.2 327.811992538178 210 Arbach
22227 305.47 2000 304.29 189 Neckar
28888 334.4 242.11352161459 328.87 189 Neckar
15456 327.883048046355 35.2 327.783048046355 210 Arbach
22226 305.48 3000 304.29 189 Neckar
28887 334.6 305.739005651922 328.87 189 Neckar
15457 327.578873949431 35.2 327.478873949431 210 Arbach
22225 305.49 4000 304.29 189 Neckar
15458 327.441768581875 35.2 327.341768581875 210 Arbach
22224 305.5 5000 304.29 189 Neckar
15459 327.22478484625 35.2 327.12478484625 210 Arbach
22223 309 228.249173825057 307 189 Neckar
11686 309.357469280398 10 307 189 Neckar
15460 327.034250953182 35.2 326.934250953182 210 Arbach
11685 311.368678701588 20 309.81 189 Neckar
15761 326.902956541388 35.2 326.802956541388 210 Arbach
11684 311.070871082641 50 309.81 189 Neckar
15762 326.81396427927 35.2 326.71396427927 210 Arbach
11683 311.071632067389 100 309.81 189 Neckar
15763 326.601275983165 35.2 326.501275983165 210 Arbach
11682 311.072482351228 250 309.81 189 Neckar
11681 311.07316149087 300 309.81 189 Neckar
11826 311.073603533399 243.400921981529 309.81 189 Neckar
11825 311.074252087749 521.004357961088 309.81 189 Neckar
11824 311.075136172807 521.004357961088 309.81 189 Neckar
11823 311.076019621553 306.665217436324 309.81 189 Neckar
11992 311.076374645019 111.775909413485 309.81 189 Neckar
11991 311.07692559792 477.727029847757 309.81 189 Neckar
11990 311.077916596724 313.89389379559 309.81 189 Neckar
11989 311.078606688082 499.468129372751 309.85 189 Neckar
11988 311.079454228612 499.46812936841 309.85 189 Neckar
11987 311.081730058951 433.862281450795 309.85 189 Neckar
11986 311.085481090254 506.817224038313 309.85 189 Neckar
11985 311.089958967922 334.021945278631 309.85 189 Neckar
12171 311.091454416292 41.0049528625759 309.8 189 Neckar
12170 311.093690112647 519.660521033877 309.8 189 Neckar
12169 311.097834484601 519.660521033877 309.8 189 Neckar
11804 317.47 373.870462575253 316.47 190 Flutgraben
12168 311.102147418464 476.561926559605 309.85 189 Neckar
11805 317.469706149138 442.106277660855 316.47 190 Flutgraben
12167 311.104809044641 190.917759563984 309.85 189 Neckar
11806 317.469040910942 457.885708267336 316.47 190 Flutgraben
12396 311.106879434578 328.292352438255 309.8 189 Neckar
25120 339.551396463161 304.915583751398 335.8 189 Neckar
11807 317.468404230267 500.016948569865 316.47 190 Flutgraben
12395 311.110258915319 519.210112002239 309.8 189 Neckar
25119 339.555734908924 507.639314740379 335.8 189 Neckar
11808 317.46776473796 443.548407044582 316.47 190 Flutgraben
12394 311.114564284906 470.315175461579 309.9 189 Neckar
25118 339.562340369943 276.396521180314 335.8 189 Neckar
11809 317.467050347185 501.722904664926 316.47 190 Flutgraben
12393 311.118493456637 515.038191304426 309.9 189 Neckar
11810 317.466625982412 136.744949597016 316.47 190 Flutgraben
12392 311.120666813086 29.9937494339941 309.9 189 Neckar
11964 317.466292506693 364.977955075413 316.47 190 Flutgraben
12656 311.12272056717 485.044441864475 309.85 189 Neckar
11965 317.466024960014 37.5529914913976 316.47 190 Flutgraben
12655 311.126708472974 515.038191300846 309.85 189 Neckar
11966 317.465281945739 488.98932946214 316.47 190 Flutgraben
12654 311.131008078588 466.864227444498 309.85 189 Neckar
11967 317.464787610941 501.116757541828 316.47 190 Flutgraben
12653 311.134849692609 496.531513016487 309.85 189 Neckar
11968 317.464287221226 501.116757541828 316.47 190 Flutgraben
12915 311.136903446742 18.5066905099305 309.85 189 Neckar
11969 317.463851371969 371.848292729191 316.47 190 Flutgraben
12914 311.139030997716 515.038203516881 309.85 189 Neckar
11970 317.463389126092 295.449758308835 316.47 190 Flutgraben
12913 311.143138505983 515.038203516881 309.85 189 Neckar
11971 317.462783211211 504.241664068101 316.47 190 Flutgraben
12912 311.146307310983 279.631230499822 309.9 189 Neckar
11972 317.462279701123 504.241664072548 316.47 190 Flutgraben
13156 311.152842641006 155.985251105221 309.9 189 Neckar
11973 317.461864718705 326.929072585733 316.47 190 Flutgraben
13155 311.155538084163 519.97502005799 309.9 189 Neckar
12149 317.461272680948 504.241664068101 316.47 190 Flutgraben
13153 311.159684964296 519.975020051788 309.9 189 Neckar
12150 317.460642582509 254.789845223801 316.47 190 Flutgraben
13154 311.163831844429 519.97502005799 309.9 189 Neckar
12151 317.460148662209 297.483379197422 316.47 190 Flutgraben
13152 311.166124659993 55.0147459229656 309.9 189 Neckar
12911 311.166841220315 363.989768946567 309.9 189 Neckar
13416 311.168668938816 333.669772770084 309.9 189 Neckar
13415 311.172032653285 509.87884427485 309.9 189 Neckar
13414 311.176656018538 364.204082259349 309.9 189 Neckar
13413 311.180275989564 281.073391037849 309.9 189 Neckar
13412 311.180755303975 207.070163165112 309.9 189 Neckar
13707 311.181402057194 184.469397155825 309.9 189 Neckar
13706 311.182091253888 517.422549996123 309.9 189 Neckar
13705 311.183107381548 517.422549993569 309.9 189 Neckar
13704 311.184101550549 495.059405414992 309.9 189 Neckar
14004 311.184609614379 22.3631445811315 309.9 189 Neckar
14003 311.185139636867 517.42254999965 309.9 189 Neckar
14002 311.186155764527 517.422549990042 309.9 189 Neckar
14001 311.187397917308 287.233902342859 309.9 189 Neckar
14000 311.187982787519 308.409828412735 309.9 189 Neckar
14328 311.188490851295 209.012666592414 309.9 189 Neckar
14327 311.189204147287 517.422495007703 309.9 189 Neckar
25041 311.204248993665 370.878100087223 309.92 189 Neckar
25040 311.246339016178 311.712050367341 309.93 189 Neckar
25039 311.262447159213 107.556680141212 309.93 189 Neckar
25365 311.282375013865 411.132923209058 309.94 189 Neckar
25364 311.316517454585 477.539206510781 309.94 189 Neckar
25363 311.357651213807 511.884529696381 309.94 189 Neckar
25362 311.396984026496 511.884529700035 309.94 189 Neckar
25361 311.419803498404 82.0691617295617 309.94 189 Neckar
25680 311.439469904749 429.815367970473 310.4 189 Neckar
25679 311.475649651875 511.884529696381 310.5 189 Neckar
25678 311.518367148051 415.064762666777 310.6 189 Neckar
25677 311.548689648936 374.180554076454 310.65 189 Neckar
25676 311.592429748297 501.950227141354 310.7 189 Neckar
25675 311.630999216833 501.95022714227 310.3 189 Neckar
25674 311.653867828728 93.2824981613437 310.3 189 Neckar
15264 311.666112486232 225.425995837042 310.6 189 Neckar
15263 311.708174940066 502.503647895291 310.6 189 Neckar
25983 311.746786933027 502.503647890332 309.98 189 Neckar
25982 311.785398925989 502.503647895291 309.98 189 Neckar
25981 311.821501455065 437.186389702548 309.98 189 Neckar
25980 311.86326169873 461.166672020595 309.99 189 Neckar
25979 311.900906529408 499.052817376253 309.99 189 Neckar
25978 311.93513159027 312.254592756328 310.1 189 Neckar
25977 311.97855013183 510.376269341149 310.2 189 Neckar
25976 312.009723411897 277.720885063054 310.3 189 Neckar
25665 312.026462711828 157.975831494642 310.7 189 Neckar
25663 312.06 216.809253258008 310.8 189 Neckar
25664 312.06 500 310.7 189 Neckar
14636 317.45 124.613238769542 315.19 189 Neckar
14637 317.45 466.328517400173 315.19 189 Neckar
14638 317.45 236.340706487546 315.19 189 Neckar
14317 317.450308179292 369.85292224407 315.19 189 Neckar
14316 317.45108773228 565.706207709297 315.19 189 Neckar
13995 317.451564924467 6.98290236391788 315.19 189 Neckar
13994 317.452285287652 287.838248889247 315.19 189 Neckar
13993 317.452886845165 434.104494736172 315.19 189 Neckar
13695 317.453364038379 138.585845949867 315.19 189 Neckar
13694 317.453956708003 572.69034068203 315.19 189 Neckar
13693 317.454685957939 302.498960070795 315.19 189 Neckar
13401 317.455280646818 148.959077674379 315.19 189 Neckar
13138 317.456323180351 50.3625627268175 315.19 189 Neckar
13137 317.456731371625 603.141284180195 315.19 189 Neckar
12894 317.45719141201 133.371669824092 315.19 189 Neckar
12893 317.457613774184 542.819428565878 315.19 189 Neckar
23336 317.458073814569 193.693525438409 315.19 189 Neckar
23335 317.45842743894 372.450097948206 315.19 189 Neckar
12153 317.458735555232 140.957639530346 315.2 189 Neckar
23067 317.459406828249 211.371638944158 315.19 189 Neckar
23066 317.459957330333 531.11150451392 315.19 189 Neckar
12152 317.46 418.311029421968 315.2 189 Neckar
11976 317.46026327399 285.796109496221 315.21 189 Neckar
11820 317.4614481769 453.403814988431 315.2 189 Neckar
11819 317.461936808508 504.210383967172 315.2 189 Neckar
11818 317.462451364644 504.210383967172 315.2 189 Neckar
11817 317.462965920779 504.210383967172 315.2 189 Neckar
11816 317.463424754421 395.006128805678 315.2 189 Neckar
11679 317.463682032488 109.204255165941 315.2 189 Neckar
11678 317.463995033049 504.210383967172 315.2 189 Neckar
11677 317.464509589185 504.210383967172 315.2 189 Neckar
11676 317.464967543791 393.283405897019 315.2 189 Neckar
11675 317.465536236228 500.855304228657 315.2 189 Neckar
11674 317.466047368443 500.855304221022 315.2 189 Neckar
11673 317.466558500659 500.855304221022 315.2 189 Neckar
11672 317.467069632874 500.855304224297 315.2 189 Neckar
11671 317.467692777913 279.440798331168 315.2 189 Neckar
11670 317.468037528933 396.197998866466 315.2 189 Neckar
11669 317.46860300834 504.06637589181 315.2 189 Neckar
11668 317.469089653223 449.654262997616 315.2 189 Neckar
11667 317.469578599168 394.385143747496 315.2 189 Neckar
11666 317.47193944402 85.9231053326357 315.2 189 Neckar
11803 317.48092113501 311.992365788503 315.2 189 Neckar
11802 317.502067215868 525.478583583734 315.2 189 Neckar
11801 317.525789270433 525.478583580367 315.2 189 Neckar
11800 317.541222577392 158.262553483015 315.2 189 Neckar
11954 317.553083604675 367.216030100719 315.2 189 Neckar
12340 317.575682267927 287.69032203645 315.3 189 Neckar
12339 317.59713952407 537.067320274295 315.3 189 Neckar
12125 317.609262130656 537.067320277462 315.3 189 Neckar
11952 317.621886733143 514.827417386969 315.3 189 Neckar
12124 317.663883454769 249.376998231018 315.3 189 Neckar
11953 317.676006061356 435.792482275012 315.2 189 Neckar
12126 317.694622372663 537.067320267468 315.3 189 Neckar
12338 317.715100476175 370.173222328249 315.4 189 Neckar
12597 317.727155194763 518.927012301024 315.4 189 Neckar
12856 317.731045412417 527.388699545993 315.5 189 Neckar
12337 317.789565557898 8.46168723846206 315.4 189 Neckar
12595 317.814183411452 491.522387286331 315.4 189 Neckar
12596 317.837991695745 527.388699536155 315.4 189 Neckar
12854 317.859989845525 447.194387742189 315.5 189 Neckar
12855 317.871893987672 527.388699539486 315.5 189 Neckar
13096 317.885608264332 527.388699545993 315.6 189 Neckar
23803 317.909416548625 527.388699539486 315.6 189 Neckar
23802 317.924236123851 129.162306811224 315.6 189 Neckar
13356 317.941021863858 242.203957311681 315.7 189 Neckar
13355 317.959293474616 567.282431422201 315.7 189 Neckar
24063 317.976312236455 186.699045330398 315.7 189 Neckar
13646 317.986387201724 160.057647225908 315.7 189 Neckar
13645 318.03310259646 425.949427547366 315.8 189 Neckar
13939 318.084860567022 108.751556847867 316 189 Neckar
13942 318.114376487291 303.787982935029 315.9 189 Neckar
13941 318.160835956208 529.203301463368 315.9 189 Neckar
24353 318.219867796746 225.415318531639 315.8 189 Neckar
13940 318.255449254157 529.203301466668 315.9 189 Neckar
14260 318.286564621091 410.945424340421 316 189 Neckar
14259 318.335074928287 446.892054165584 316.1 189 Neckar
14577 318.409802697362 365.545047810477 316.1 189 Neckar
14576 318.427836838127 89.6797275799369 316.2 189 Neckar
25601 318.448811386554 439.767958431173 316.3 189 Neckar
14885 318.487066639449 211.930131852646 316.3 189 Neckar
25911 318.509418457182 352.283120092706 316.4 189 Neckar
15190 318.545074661575 408.676445213942 316.4 189 Neckar
25909 318.578630131346 292.182015017755 316.5 189 Neckar
26237 318.599001157248 222.031321324351 316.5 189 Neckar
26236 318.627415862882 495.223698382991 316.5 189 Neckar
26235 318.668390590008 501.999109548635 316.6 189 Neckar
26234 318.70668265055 464.58393356935 316.6 189 Neckar
26233 318.747819233305 499.364080358884 316.6 189 Neckar
26232 318.787384751724 499.364080350456 316.6 189 Neckar
26231 318.827510477977 490.273379178281 316.7 189 Neckar
26230 318.866818278175 501.94935833254 316.7 189 Neckar
26229 318.906588632837 501.949358337422 316.7 189 Neckar
26228 318.933265474514 171.437825468482 316.7 189 Neckar
26537 318.941808568432 432.762675566353 316.8 189 Neckar
26538 318.985917630538 499.642793703245 316.8 189 Neckar
26539 319.022855715614 284.782497195195 316.8 189 Neckar
26536 319.177516863561 457.753904893401 316.9 189 Neckar
26535 319.420141214323 501.7393749615 317 189 Neckar
26534 319.653432748082 501.739374957525 317.2 189 Neckar
26533 319.925640265196 343.431536570632 317.4 189 Neckar
26532 320.123691505233 508.464833473889 317.6 189 Neckar
26531 320.360110145635 508.464833473889 317.8 189 Neckar
26530 320.511370034587 142.16351052095 318 189 Neckar
16094 320.585790752759 177.949302984976 318.2 189 Neckar
16093 320.829782686274 500.645278301531 318.4 189 Neckar
16092 321.062565502758 500.645278301531 318.6 189 Neckar
16091 321.29534831924 500.645278297499 318.8 189 Neckar
16090 321.528131135723 500.645278301531 319 189 Neckar
16089 321.760913952206 500.645278301531 319.3 189 Neckar
16088 321.938652680224 263.878979095426 319.5 189 Neckar
16087 323.525084033671 500.611331165232 319.7 189 Neckar
